MODULE MainModule
PROC main()
MOVEL [[0.62356,-0.0391121,0.549998],[0.7071,0,0.7071,0],[0,0,0,0][0,0,0,9E+09,9E+09,9E+09]], v1000, fine, tool0;
MOVEL [[0.623349,-0.0384897,0.550261],[0.7071,0,0.7071,0],[0,0,0,0][0,0,0,9E+09,9E+09,9E+09]], v1000, fine, tool0;
MOVEL [[0.622857,-0.0378085,0.550516],[0.7071,0,0.7071,0],[0,0,0,0][0,0,0,9E+09,9E+09,9E+09]], v1000, fine, tool0;
MOVEL [[0.622372,-0.0377484,0.550582],[0.7071,0,0.7071,0],[0,0,0,0][0,0,0,9E+09,9E+09,9E+09]], v1000, fine, tool0;
MOVEL [[0.622433,-0.0375888,0.550612],[0.7071,0,0.7071,0],[0,0,0,0][0,0,0,9E+09,9E+09,9E+09]], v1000, fine, tool0;
MOVEL [[0.622174,-0.0372656,0.550887],[0.7071,0,0.7071,0],[0,0,0,0][0,0,0,9E+09,9E+09,9E+09]], v1000, fine, tool0;
MOVEL [[0.622415,-0.037051,0.550633],[0.7071,0,0.7071,0],[0,0,0,0][0,0,0,9E+09,9E+09,9E+09]], v1000, fine, tool0;
MOVEL [[0.622189,-0.0370024,0.550659],[0.7071,0,0.7071,0],[0,0,0,0][0,0,0,9E+09,9E+09,9E+09]], v1000, fine, tool0;
MOVEL [[0.622363,-0.0365555,0.550399],[0.7071,0,0.7071,0],[0,0,0,0][0,0,0,9E+09,9E+09,9E+09]], v1000, fine, tool0;
MOVEL [[0.622336,-0.0360405,0.550456],[0.7071,0,0.7071,0],[0,0,0,0][0,0,0,9E+09,9E+09,9E+09]], v1000, fine, tool0;
MOVEL [[0.622332,-0.0358067,0.550377],[0.7071,0,0.7071,0],[0,0,0,0][0,0,0,9E+09,9E+09,9E+09]], v1000, fine, tool0;
MOVEL [[0.622161,-0.0353393,0.550079],[0.7071,0,0.7071,0],[0,0,0,0][0,0,0,9E+09,9E+09,9E+09]], v1000, fine, tool0;
MOVEL [[0.621868,-0.0351856,0.550073],[0.7071,0,0.7071,0],[0,0,0,0][0,0,0,9E+09,9E+09,9E+09]], v1000, fine, tool0;
MOVEL [[0.621873,-0.0349246,0.549957],[0.7071,0,0.7071,0],[0,0,0,0][0,0,0,9E+09,9E+09,9E+09]], v1000, fine, tool0;
MOVEL [[0.621704,-0.0347278,0.549813],[0.7071,0,0.7071,0],[0,0,0,0][0,0,0,9E+09,9E+09,9E+09]], v1000, fine, tool0;
MOVEL [[0.621689,-0.034412,0.549796],[0.7071,0,0.7071,0],[0,0,0,0][0,0,0,9E+09,9E+09,9E+09]], v1000, fine, tool0;
MOVEL [[0.621493,-0.0342782,0.549793],[0.7071,0,0.7071,0],[0,0,0,0][0,0,0,9E+09,9E+09,9E+09]], v1000, fine, tool0;
MOVEL [[0.621582,-0.0339526,0.550002],[0.7071,0,0.7071,0],[0,0,0,0][0,0,0,9E+09,9E+09,9E+09]], v1000, fine, tool0;
MOVEL [[0.621434,-0.0335309,0.550046],[0.7071,0,0.7071,0],[0,0,0,0][0,0,0,9E+09,9E+09,9E+09]], v1000, fine, tool0;
MOVEL [[0.621253,-0.0333884,0.550039],[0.7071,0,0.7071,0],[0,0,0,0][0,0,0,9E+09,9E+09,9E+09]], v1000, fine, tool0;
MOVEL [[0.620762,-0.0328986,0.549803],[0.7071,0,0.7071,0],[0,0,0,0][0,0,0,9E+09,9E+09,9E+09]], v1000, fine, tool0;
MOVEL [[0.620507,-0.0322054,0.549993],[0.7071,0,0.7071,0],[0,0,0,0][0,0,0,9E+09,9E+09,9E+09]], v1000, fine, tool0;
MOVEL [[0.620166,-0.0313693,0.550125],[0.7071,0,0.7071,0],[0,0,0,0][0,0,0,9E+09,9E+09,9E+09]], v1000, fine, tool0;
MOVEL [[0.620027,-0.0300585,0.550368],[0.7071,0,0.7071,0],[0,0,0,0][0,0,0,9E+09,9E+09,9E+09]], v1000, fine, tool0;
MOVEL [[0.619846,-0.0297533,0.550348],[0.7071,0,0.7071,0],[0,0,0,0][0,0,0,9E+09,9E+09,9E+09]], v1000, fine, tool0;
MOVEL [[0.619842,-0.0282048,0.550908],[0.7071,0,0.7071,0],[0,0,0,0][0,0,0,9E+09,9E+09,9E+09]], v1000, fine, tool0;
MOVEL [[0.619581,-0.0263934,0.551259],[0.7071,0,0.7071,0],[0,0,0,0][0,0,0,9E+09,9E+09,9E+09]], v1000, fine, tool0;
MOVEL [[0.619428,-0.024456,0.552055],[0.7071,0,0.7071,0],[0,0,0,0][0,0,0,9E+09,9E+09,9E+09]], v1000, fine, tool0;
MOVEL [[0.619278,-0.0240221,0.552056],[0.7071,0,0.7071,0],[0,0,0,0][0,0,0,9E+09,9E+09,9E+09]], v1000, fine, tool0;
MOVEL [[0.619038,-0.0215558,0.552586],[0.7071,0,0.7071,0],[0,0,0,0][0,0,0,9E+09,9E+09,9E+09]], v1000, fine, tool0;
MOVEL [[0.618365,-0.0191766,0.552648],[0.7071,0,0.7071,0],[0,0,0,0][0,0,0,9E+09,9E+09,9E+09]], v1000, fine, tool0;
MOVEL [[0.616868,-0.0176398,0.55254],[0.7071,0,0.7071,0],[0,0,0,0][0,0,0,9E+09,9E+09,9E+09]], v1000, fine, tool0;
MOVEL [[0.616552,-0.0163323,0.552557],[0.7071,0,0.7071,0],[0,0,0,0][0,0,0,9E+09,9E+09,9E+09]], v1000, fine, tool0;
MOVEL [[0.615705,-0.0136647,0.552829],[0.7071,0,0.7071,0],[0,0,0,0][0,0,0,9E+09,9E+09,9E+09]], v1000, fine, tool0;
MOVEL [[0.615345,-0.012675,0.553157],[0.7071,0,0.7071,0],[0,0,0,0][0,0,0,9E+09,9E+09,9E+09]], v1000, fine, tool0;
MOVEL [[0.615002,-0.0104309,0.553345],[0.7071,0,0.7071,0],[0,0,0,0][0,0,0,9E+09,9E+09,9E+09]], v1000, fine, tool0;
MOVEL [[0.614722,-0.00888529,0.553417],[0.7071,0,0.7071,0],[0,0,0,0][0,0,0,9E+09,9E+09,9E+09]], v1000, fine, tool0;
MOVEL [[0.614829,-0.00669342,0.55406],[0.7071,0,0.7071,0],[0,0,0,0][0,0,0,9E+09,9E+09,9E+09]], v1000, fine, tool0;
MOVEL [[0.614085,-0.00390881,0.554275],[0.7071,0,0.7071,0],[0,0,0,0][0,0,0,9E+09,9E+09,9E+09]], v1000, fine, tool0;
MOVEL [[0.613307,-0.000763938,0.554993],[0.7071,0,0.7071,0],[0,0,0,0][0,0,0,9E+09,9E+09,9E+09]], v1000, fine, tool0;
MOVEL [[0.612851,0.00241673,0.555689],[0.7071,0,0.7071,0],[0,0,0,0][0,0,0,9E+09,9E+09,9E+09]], v1000, fine, tool0;
MOVEL [[0.612675,0.00369718,0.555776],[0.7071,0,0.7071,0],[0,0,0,0][0,0,0,9E+09,9E+09,9E+09]], v1000, fine, tool0;
MOVEL [[0.612011,0.0072195,0.556309],[0.7071,0,0.7071,0],[0,0,0,0][0,0,0,9E+09,9E+09,9E+09]], v1000, fine, tool0;
MOVEL [[0.611654,0.00920902,0.556685],[0.7071,0,0.7071,0],[0,0,0,0][0,0,0,9E+09,9E+09,9E+09]], v1000, fine, tool0;
MOVEL [[0.611314,0.013003,0.557475],[0.7071,0,0.7071,0],[0,0,0,0][0,0,0,9E+09,9E+09,9E+09]], v1000, fine, tool0;
MOVEL [[0.611182,0.014923,0.55768],[0.7071,0,0.7071,0],[0,0,0,0][0,0,0,9E+09,9E+09,9E+09]], v1000, fine, tool0;
MOVEL [[0.610331,0.0169506,0.557828],[0.7071,0,0.7071,0],[0,0,0,0][0,0,0,9E+09,9E+09,9E+09]], v1000, fine, tool0;
MOVEL [[0.61002,0.0196818,0.558412],[0.7071,0,0.7071,0],[0,0,0,0][0,0,0,9E+09,9E+09,9E+09]], v1000, fine, tool0;
MOVEL [[0.6101,0.022717,0.558168],[0.7071,0,0.7071,0],[0,0,0,0][0,0,0,9E+09,9E+09,9E+09]], v1000, fine, tool0;
MOVEL [[0.610066,0.023999,0.558253],[0.7071,0,0.7071,0],[0,0,0,0][0,0,0,9E+09,9E+09,9E+09]], v1000, fine, tool0;
MOVEL [[0.609376,0.0267332,0.558759],[0.7071,0,0.7071,0],[0,0,0,0][0,0,0,9E+09,9E+09,9E+09]], v1000, fine, tool0;
MOVEL [[0.609253,0.0310266,0.558898],[0.7071,0,0.7071,0],[0,0,0,0][0,0,0,9E+09,9E+09,9E+09]], v1000, fine, tool0;
MOVEL [[0.609031,0.03371,0.559452],[0.7071,0,0.7071,0],[0,0,0,0][0,0,0,9E+09,9E+09,9E+09]], v1000, fine, tool0;
MOVEL [[0.608829,0.0368875,0.55969],[0.7071,0,0.7071,0],[0,0,0,0][0,0,0,9E+09,9E+09,9E+09]], v1000, fine, tool0;
MOVEL [[0.608718,0.038789,0.559573],[0.7071,0,0.7071,0],[0,0,0,0][0,0,0,9E+09,9E+09,9E+09]], v1000, fine, tool0;
MOVEL [[0.608324,0.0405947,0.559555],[0.7071,0,0.7071,0],[0,0,0,0][0,0,0,9E+09,9E+09,9E+09]], v1000, fine, tool0;
MOVEL [[0.607791,0.0447024,0.559765],[0.7071,0,0.7071,0],[0,0,0,0][0,0,0,9E+09,9E+09,9E+09]], v1000, fine, tool0;
MOVEL [[0.607583,0.0469823,0.559874],[0.7071,0,0.7071,0],[0,0,0,0][0,0,0,9E+09,9E+09,9E+09]], v1000, fine, tool0;
MOVEL [[0.607127,0.0486428,0.559912],[0.7071,0,0.7071,0],[0,0,0,0][0,0,0,9E+09,9E+09,9E+09]], v1000, fine, tool0;
MOVEL [[0.606173,0.0531635,0.559961],[0.7071,0,0.7071,0],[0,0,0,0][0,0,0,9E+09,9E+09,9E+09]], v1000, fine, tool0;
MOVEL [[0.605918,0.0561278,0.559963],[0.7071,0,0.7071,0],[0,0,0,0][0,0,0,9E+09,9E+09,9E+09]], v1000, fine, tool0;
MOVEL [[0.605764,0.0577289,0.560019],[0.7071,0,0.7071,0],[0,0,0,0][0,0,0,9E+09,9E+09,9E+09]], v1000, fine, tool0;
MOVEL [[0.604918,0.0616535,0.56056],[0.7071,0,0.7071,0],[0,0,0,0][0,0,0,9E+09,9E+09,9E+09]], v1000, fine, tool0;
MOVEL [[0.603346,0.0658048,0.561064],[0.7071,0,0.7071,0],[0,0,0,0][0,0,0,9E+09,9E+09,9E+09]], v1000, fine, tool0;
MOVEL [[0.602062,0.0690258,0.560541],[0.7071,0,0.7071,0],[0,0,0,0][0,0,0,9E+09,9E+09,9E+09]], v1000, fine, tool0;
MOVEL [[0.601629,0.0734875,0.560665],[0.7071,0,0.7071,0],[0,0,0,0][0,0,0,9E+09,9E+09,9E+09]], v1000, fine, tool0;
MOVEL [[0.600338,0.0769154,0.560035],[0.7071,0,0.7071,0],[0,0,0,0][0,0,0,9E+09,9E+09,9E+09]], v1000, fine, tool0;
MOVEL [[0.599323,0.0789967,0.560126],[0.7071,0,0.7071,0],[0,0,0,0][0,0,0,9E+09,9E+09,9E+09]], v1000, fine, tool0;
MOVEL [[0.598283,0.0842039,0.560813],[0.7071,0,0.7071,0],[0,0,0,0][0,0,0,9E+09,9E+09,9E+09]], v1000, fine, tool0;
MOVEL [[0.596728,0.0886405,0.560839],[0.7071,0,0.7071,0],[0,0,0,0][0,0,0,9E+09,9E+09,9E+09]], v1000, fine, tool0;
MOVEL [[0.59657,0.0905876,0.560871],[0.7071,0,0.7071,0],[0,0,0,0][0,0,0,9E+09,9E+09,9E+09]], v1000, fine, tool0;
MOVEL [[0.595095,0.0969479,0.560817],[0.7071,0,0.7071,0],[0,0,0,0][0,0,0,9E+09,9E+09,9E+09]], v1000, fine, tool0;
MOVEL [[0.59468,0.100521,0.561183],[0.7071,0,0.7071,0],[0,0,0,0][0,0,0,9E+09,9E+09,9E+09]], v1000, fine, tool0;
MOVEL [[0.594614,0.102756,0.561262],[0.7071,0,0.7071,0],[0,0,0,0][0,0,0,9E+09,9E+09,9E+09]], v1000, fine, tool0;
MOVEL [[0.594344,0.106858,0.562091],[0.7071,0,0.7071,0],[0,0,0,0][0,0,0,9E+09,9E+09,9E+09]], v1000, fine, tool0;
MOVEL [[0.593199,0.11079,0.562846],[0.7071,0,0.7071,0],[0,0,0,0][0,0,0,9E+09,9E+09,9E+09]], v1000, fine, tool0;
MOVEL [[0.593362,0.113351,0.564165],[0.7071,0,0.7071,0],[0,0,0,0][0,0,0,9E+09,9E+09,9E+09]], v1000, fine, tool0;
MOVEL [[0.59367,0.118532,0.565315],[0.7071,0,0.7071,0],[0,0,0,0][0,0,0,9E+09,9E+09,9E+09]], v1000, fine, tool0;
MOVEL [[0.593531,0.122342,0.56562],[0.7071,0,0.7071,0],[0,0,0,0][0,0,0,9E+09,9E+09,9E+09]], v1000, fine, tool0;
MOVEL [[0.593361,0.12503,0.565662],[0.7071,0,0.7071,0],[0,0,0,0][0,0,0,9E+09,9E+09,9E+09]], v1000, fine, tool0;
MOVEL [[0.593848,0.129061,0.565932],[0.7071,0,0.7071,0],[0,0,0,0][0,0,0,9E+09,9E+09,9E+09]], v1000, fine, tool0;
MOVEL [[0.594401,0.133331,0.566229],[0.7071,0,0.7071,0],[0,0,0,0][0,0,0,9E+09,9E+09,9E+09]], v1000, fine, tool0;
MOVEL [[0.594438,0.137233,0.566528],[0.7071,0,0.7071,0],[0,0,0,0][0,0,0,9E+09,9E+09,9E+09]], v1000, fine, tool0;
MOVEL [[0.59456,0.141435,0.567049],[0.7071,0,0.7071,0],[0,0,0,0][0,0,0,9E+09,9E+09,9E+09]], v1000, fine, tool0;
MOVEL [[0.594305,0.146423,0.56718],[0.7071,0,0.7071,0],[0,0,0,0][0,0,0,9E+09,9E+09,9E+09]], v1000, fine, tool0;
MOVEL [[0.593848,0.147491,0.567512],[0.7071,0,0.7071,0],[0,0,0,0][0,0,0,9E+09,9E+09,9E+09]], v1000, fine, tool0;
MOVEL [[0.594303,0.152398,0.567985],[0.7071,0,0.7071,0],[0,0,0,0][0,0,0,9E+09,9E+09,9E+09]], v1000, fine, tool0;
MOVEL [[0.593854,0.155861,0.568761],[0.7071,0,0.7071,0],[0,0,0,0][0,0,0,9E+09,9E+09,9E+09]], v1000, fine, tool0;
MOVEL [[0.593205,0.160084,0.568676],[0.7071,0,0.7071,0],[0,0,0,0][0,0,0,9E+09,9E+09,9E+09]], v1000, fine, tool0;
MOVEL [[0.592257,0.16251,0.568277],[0.7071,0,0.7071,0],[0,0,0,0][0,0,0,9E+09,9E+09,9E+09]], v1000, fine, tool0;
MOVEL [[0.592837,0.166236,0.568593],[0.7071,0,0.7071,0],[0,0,0,0][0,0,0,9E+09,9E+09,9E+09]], v1000, fine, tool0;
MOVEL [[0.59241,0.16797,0.568442],[0.7071,0,0.7071,0],[0,0,0,0][0,0,0,9E+09,9E+09,9E+09]], v1000, fine, tool0;
MOVEL [[0.592094,0.171828,0.568157],[0.7071,0,0.7071,0],[0,0,0,0][0,0,0,9E+09,9E+09,9E+09]], v1000, fine, tool0;
MOVEL [[0.592306,0.175594,0.568092],[0.7071,0,0.7071,0],[0,0,0,0][0,0,0,9E+09,9E+09,9E+09]], v1000, fine, tool0;
MOVEL [[0.592702,0.178105,0.568248],[0.7071,0,0.7071,0],[0,0,0,0][0,0,0,9E+09,9E+09,9E+09]], v1000, fine, tool0;
MOVEL [[0.592192,0.181296,0.568516],[0.7071,0,0.7071,0],[0,0,0,0][0,0,0,9E+09,9E+09,9E+09]], v1000, fine, tool0;
MOVEL [[0.591842,0.185069,0.568643],[0.7071,0,0.7071,0],[0,0,0,0][0,0,0,9E+09,9E+09,9E+09]], v1000, fine, tool0;
MOVEL [[0.591715,0.187234,0.569058],[0.7071,0,0.7071,0],[0,0,0,0][0,0,0,9E+09,9E+09,9E+09]], v1000, fine, tool0;
MOVEL [[0.592251,0.190269,0.569284],[0.7071,0,0.7071,0],[0,0,0,0][0,0,0,9E+09,9E+09,9E+09]], v1000, fine, tool0;
MOVEL [[0.593392,0.195394,0.568693],[0.7071,0,0.7071,0],[0,0,0,0][0,0,0,9E+09,9E+09,9E+09]], v1000, fine, tool0;
MOVEL [[0.593676,0.196888,0.568748],[0.7071,0,0.7071,0],[0,0,0,0][0,0,0,9E+09,9E+09,9E+09]], v1000, fine, tool0;
MOVEL [[0.594021,0.198834,0.568637],[0.7071,0,0.7071,0],[0,0,0,0][0,0,0,9E+09,9E+09,9E+09]], v1000, fine, tool0;
MOVEL [[0.594734,0.202167,0.568748],[0.7071,0,0.7071,0],[0,0,0,0][0,0,0,9E+09,9E+09,9E+09]], v1000, fine, tool0;
MOVEL [[0.594794,0.205888,0.568548],[0.7071,0,0.7071,0],[0,0,0,0][0,0,0,9E+09,9E+09,9E+09]], v1000, fine, tool0;
MOVEL [[0.594288,0.208352,0.569368],[0.7071,0,0.7071,0],[0,0,0,0][0,0,0,9E+09,9E+09,9E+09]], v1000, fine, tool0;
MOVEL [[0.594554,0.212125,0.570461],[0.7071,0,0.7071,0],[0,0,0,0][0,0,0,9E+09,9E+09,9E+09]], v1000, fine, tool0;
MOVEL [[0.594695,0.212902,0.570503],[0.7071,0,0.7071,0],[0,0,0,0][0,0,0,9E+09,9E+09,9E+09]], v1000, fine, tool0;
MOVEL [[0.595124,0.21781,0.570956],[0.7071,0,0.7071,0],[0,0,0,0][0,0,0,9E+09,9E+09,9E+09]], v1000, fine, tool0;
MOVEL [[0.59582,0.22115,0.570795],[0.7071,0,0.7071,0],[0,0,0,0][0,0,0,9E+09,9E+09,9E+09]], v1000, fine, tool0;
MOVEL [[0.59609,0.223972,0.570974],[0.7071,0,0.7071,0],[0,0,0,0][0,0,0,9E+09,9E+09,9E+09]], v1000, fine, tool0;
MOVEL [[0.596282,0.228835,0.571497],[0.7071,0,0.7071,0],[0,0,0,0][0,0,0,9E+09,9E+09,9E+09]], v1000, fine, tool0;
MOVEL [[0.596962,0.231499,0.571694],[0.7071,0,0.7071,0],[0,0,0,0][0,0,0,9E+09,9E+09,9E+09]], v1000, fine, tool0;
MOVEL [[0.596817,0.233194,0.571165],[0.7071,0,0.7071,0],[0,0,0,0][0,0,0,9E+09,9E+09,9E+09]], v1000, fine, tool0;
MOVEL [[0.597946,0.238331,0.570788],[0.7071,0,0.7071,0],[0,0,0,0][0,0,0,9E+09,9E+09,9E+09]], v1000, fine, tool0;
MOVEL [[0.598706,0.24106,0.570893],[0.7071,0,0.7071,0],[0,0,0,0][0,0,0,9E+09,9E+09,9E+09]], v1000, fine, tool0;
MOVEL [[0.598487,0.243116,0.571312],[0.7071,0,0.7071,0],[0,0,0,0][0,0,0,9E+09,9E+09,9E+09]], v1000, fine, tool0;
MOVEL [[0.59839,0.247813,0.571778],[0.7071,0,0.7071,0],[0,0,0,0][0,0,0,9E+09,9E+09,9E+09]], v1000, fine, tool0;
MOVEL [[0.598465,0.250696,0.571604],[0.7071,0,0.7071,0],[0,0,0,0][0,0,0,9E+09,9E+09,9E+09]], v1000, fine, tool0;
MOVEL [[0.599393,0.253981,0.5715],[0.7071,0,0.7071,0],[0,0,0,0][0,0,0,9E+09,9E+09,9E+09]], v1000, fine, tool0;
MOVEL [[0.60048,0.257254,0.571686],[0.7071,0,0.7071,0],[0,0,0,0][0,0,0,9E+09,9E+09,9E+09]], v1000, fine, tool0;
MOVEL [[0.600335,0.259797,0.571653],[0.7071,0,0.7071,0],[0,0,0,0][0,0,0,9E+09,9E+09,9E+09]], v1000, fine, tool0;
MOVEL [[0.600965,0.263381,0.571962],[0.7071,0,0.7071,0],[0,0,0,0][0,0,0,9E+09,9E+09,9E+09]], v1000, fine, tool0;
MOVEL [[0.601189,0.265392,0.571874],[0.7071,0,0.7071,0],[0,0,0,0][0,0,0,9E+09,9E+09,9E+09]], v1000, fine, tool0;
MOVEL [[0.602236,0.268283,0.571925],[0.7071,0,0.7071,0],[0,0,0,0][0,0,0,9E+09,9E+09,9E+09]], v1000, fine, tool0;
MOVEL [[0.602591,0.270747,0.571602],[0.7071,0,0.7071,0],[0,0,0,0][0,0,0,9E+09,9E+09,9E+09]], v1000, fine, tool0;
MOVEL [[0.60339,0.274567,0.571619],[0.7071,0,0.7071,0],[0,0,0,0][0,0,0,9E+09,9E+09,9E+09]], v1000, fine, tool0;
MOVEL [[0.604321,0.277915,0.572119],[0.7071,0,0.7071,0],[0,0,0,0][0,0,0,9E+09,9E+09,9E+09]], v1000, fine, tool0;
MOVEL [[0.605005,0.27956,0.572178],[0.7071,0,0.7071,0],[0,0,0,0][0,0,0,9E+09,9E+09,9E+09]], v1000, fine, tool0;
MOVEL [[0.60549,0.282878,0.5723],[0.7071,0,0.7071,0],[0,0,0,0][0,0,0,9E+09,9E+09,9E+09]], v1000, fine, tool0;
MOVEL [[0.605912,0.286098,0.572346],[0.7071,0,0.7071,0],[0,0,0,0][0,0,0,9E+09,9E+09,9E+09]], v1000, fine, tool0;
MOVEL [[0.606153,0.289652,0.572986],[0.7071,0,0.7071,0],[0,0,0,0][0,0,0,9E+09,9E+09,9E+09]], v1000, fine, tool0;
MOVEL [[0.606855,0.291224,0.573117],[0.7071,0,0.7071,0],[0,0,0,0][0,0,0,9E+09,9E+09,9E+09]], v1000, fine, tool0;
MOVEL [[0.607102,0.294725,0.573569],[0.7071,0,0.7071,0],[0,0,0,0][0,0,0,9E+09,9E+09,9E+09]], v1000, fine, tool0;
MOVEL [[0.60684,0.295916,0.574242],[0.7071,0,0.7071,0],[0,0,0,0][0,0,0,9E+09,9E+09,9E+09]], v1000, fine, tool0;
MOVEL [[0.608094,0.298478,0.574614],[0.7071,0,0.7071,0],[0,0,0,0][0,0,0,9E+09,9E+09,9E+09]], v1000, fine, tool0;
MOVEL [[0.609324,0.301178,0.575545],[0.7071,0,0.7071,0],[0,0,0,0][0,0,0,9E+09,9E+09,9E+09]], v1000, fine, tool0;
MOVEL [[0.609369,0.302117,0.575673],[0.7071,0,0.7071,0],[0,0,0,0][0,0,0,9E+09,9E+09,9E+09]], v1000, fine, tool0;
MOVEL [[0.610171,0.304755,0.575756],[0.7071,0,0.7071,0],[0,0,0,0][0,0,0,9E+09,9E+09,9E+09]], v1000, fine, tool0;
MOVEL [[0.610427,0.305997,0.575838],[0.7071,0,0.7071,0],[0,0,0,0][0,0,0,9E+09,9E+09,9E+09]], v1000, fine, tool0;
MOVEL [[0.610974,0.307136,0.575969],[0.7071,0,0.7071,0],[0,0,0,0][0,0,0,9E+09,9E+09,9E+09]], v1000, fine, tool0;
MOVEL [[0.611036,0.30862,0.576016],[0.7071,0,0.7071,0],[0,0,0,0][0,0,0,9E+09,9E+09,9E+09]], v1000, fine, tool0;
MOVEL [[0.611175,0.309512,0.575945],[0.7071,0,0.7071,0],[0,0,0,0][0,0,0,9E+09,9E+09,9E+09]], v1000, fine, tool0;
MOVEL [[0.611303,0.309747,0.575677],[0.7071,0,0.7071,0],[0,0,0,0][0,0,0,9E+09,9E+09,9E+09]], v1000, fine, tool0;
MOVEL [[0.611993,0.311043,0.575808],[0.7071,0,0.7071,0],[0,0,0,0][0,0,0,9E+09,9E+09,9E+09]], v1000, fine, tool0;
MOVEL [[0.611832,0.31113,0.575954],[0.7071,0,0.7071,0],[0,0,0,0][0,0,0,9E+09,9E+09,9E+09]], v1000, fine, tool0;
MOVEL [[0.611779,0.310715,0.575508],[0.7071,0,0.7071,0],[0,0,0,0][0,0,0,9E+09,9E+09,9E+09]], v1000, fine, tool0;
MOVEL [[0.611967,0.310559,0.575164],[0.7071,0,0.7071,0],[0,0,0,0][0,0,0,9E+09,9E+09,9E+09]], v1000, fine, tool0;
MOVEL [[0.611879,0.310777,0.573979],[0.7071,0,0.7071,0],[0,0,0,0][0,0,0,9E+09,9E+09,9E+09]], v1000, fine, tool0;
MOVEL [[0.612219,0.311242,0.573958],[0.7071,0,0.7071,0],[0,0,0,0][0,0,0,9E+09,9E+09,9E+09]], v1000, fine, tool0;
MOVEL [[0.612409,0.311569,0.573509],[0.7071,0,0.7071,0],[0,0,0,0][0,0,0,9E+09,9E+09,9E+09]], v1000, fine, tool0;
MOVEL [[0.612779,0.311827,0.573232],[0.7071,0,0.7071,0],[0,0,0,0][0,0,0,9E+09,9E+09,9E+09]], v1000, fine, tool0;
MOVEL [[0.612791,0.311764,0.572639],[0.7071,0,0.7071,0],[0,0,0,0][0,0,0,9E+09,9E+09,9E+09]], v1000, fine, tool0;
MOVEL [[0.613611,0.312456,0.572396],[0.7071,0,0.7071,0],[0,0,0,0][0,0,0,9E+09,9E+09,9E+09]], v1000, fine, tool0;
MOVEL [[0.613894,0.312254,0.571423],[0.7071,0,0.7071,0],[0,0,0,0][0,0,0,9E+09,9E+09,9E+09]], v1000, fine, tool0;
MOVEL [[0.613833,0.312164,0.570973],[0.7071,0,0.7071,0],[0,0,0,0][0,0,0,9E+09,9E+09,9E+09]], v1000, fine, tool0;
MOVEL [[0.614629,0.312171,0.57018],[0.7071,0,0.7071,0],[0,0,0,0][0,0,0,9E+09,9E+09,9E+09]], v1000, fine, tool0;
MOVEL [[0.615057,0.311875,0.56936],[0.7071,0,0.7071,0],[0,0,0,0][0,0,0,9E+09,9E+09,9E+09]], v1000, fine, tool0;
MOVEL [[0.615469,0.312122,0.569097],[0.7071,0,0.7071,0],[0,0,0,0][0,0,0,9E+09,9E+09,9E+09]], v1000, fine, tool0;
MOVEL [[0.61593,0.311945,0.568145],[0.7071,0,0.7071,0],[0,0,0,0][0,0,0,9E+09,9E+09,9E+09]], v1000, fine, tool0;
MOVEL [[0.616708,0.311729,0.566739],[0.7071,0,0.7071,0],[0,0,0,0][0,0,0,9E+09,9E+09,9E+09]], v1000, fine, tool0;
MOVEL [[0.617007,0.31189,0.566451],[0.7071,0,0.7071,0],[0,0,0,0][0,0,0,9E+09,9E+09,9E+09]], v1000, fine, tool0;
MOVEL [[0.618438,0.31188,0.563624],[0.7071,0,0.7071,0],[0,0,0,0][0,0,0,9E+09,9E+09,9E+09]], v1000, fine, tool0;
MOVEL [[0.619652,0.311285,0.561713],[0.7071,0,0.7071,0],[0,0,0,0][0,0,0,9E+09,9E+09,9E+09]], v1000, fine, tool0;
MOVEL [[0.620307,0.311023,0.560345],[0.7071,0,0.7071,0],[0,0,0,0][0,0,0,9E+09,9E+09,9E+09]], v1000, fine, tool0;
MOVEL [[0.621119,0.311306,0.559135],[0.7071,0,0.7071,0],[0,0,0,0][0,0,0,9E+09,9E+09,9E+09]], v1000, fine, tool0;
MOVEL [[0.622357,0.311408,0.557514],[0.7071,0,0.7071,0],[0,0,0,0][0,0,0,9E+09,9E+09,9E+09]], v1000, fine, tool0;
MOVEL [[0.62271,0.311448,0.555975],[0.7071,0,0.7071,0],[0,0,0,0][0,0,0,9E+09,9E+09,9E+09]], v1000, fine, tool0;
MOVEL [[0.623859,0.31123,0.55455],[0.7071,0,0.7071,0],[0,0,0,0][0,0,0,9E+09,9E+09,9E+09]], v1000, fine, tool0;
MOVEL [[0.624527,0.311402,0.553171],[0.7071,0,0.7071,0],[0,0,0,0][0,0,0,9E+09,9E+09,9E+09]], v1000, fine, tool0;
MOVEL [[0.625745,0.311485,0.552052],[0.7071,0,0.7071,0],[0,0,0,0][0,0,0,9E+09,9E+09,9E+09]], v1000, fine, tool0;
MOVEL [[0.62735,0.311603,0.548635],[0.7071,0,0.7071,0],[0,0,0,0][0,0,0,9E+09,9E+09,9E+09]], v1000, fine, tool0;
MOVEL [[0.628217,0.312086,0.545295],[0.7071,0,0.7071,0],[0,0,0,0][0,0,0,9E+09,9E+09,9E+09]], v1000, fine, tool0;
MOVEL [[0.628779,0.312218,0.544191],[0.7071,0,0.7071,0],[0,0,0,0][0,0,0,9E+09,9E+09,9E+09]], v1000, fine, tool0;
MOVEL [[0.629686,0.311823,0.539408],[0.7071,0,0.7071,0],[0,0,0,0][0,0,0,9E+09,9E+09,9E+09]], v1000, fine, tool0;
MOVEL [[0.63019,0.311393,0.535161],[0.7071,0,0.7071,0],[0,0,0,0][0,0,0,9E+09,9E+09,9E+09]], v1000, fine, tool0;
MOVEL [[0.630887,0.311578,0.532171],[0.7071,0,0.7071,0],[0,0,0,0][0,0,0,9E+09,9E+09,9E+09]], v1000, fine, tool0;
MOVEL [[0.631134,0.312261,0.527884],[0.7071,0,0.7071,0],[0,0,0,0][0,0,0,9E+09,9E+09,9E+09]], v1000, fine, tool0;
MOVEL [[0.632475,0.312439,0.524582],[0.7071,0,0.7071,0],[0,0,0,0][0,0,0,9E+09,9E+09,9E+09]], v1000, fine, tool0;
MOVEL [[0.632175,0.313169,0.5223],[0.7071,0,0.7071,0],[0,0,0,0][0,0,0,9E+09,9E+09,9E+09]], v1000, fine, tool0;
MOVEL [[0.633075,0.31413,0.517897],[0.7071,0,0.7071,0],[0,0,0,0][0,0,0,9E+09,9E+09,9E+09]], v1000, fine, tool0;
MOVEL [[0.633056,0.314351,0.514575],[0.7071,0,0.7071,0],[0,0,0,0][0,0,0,9E+09,9E+09,9E+09]], v1000, fine, tool0;
MOVEL [[0.633684,0.314471,0.513112],[0.7071,0,0.7071,0],[0,0,0,0][0,0,0,9E+09,9E+09,9E+09]], v1000, fine, tool0;
MOVEL [[0.633371,0.315525,0.508585],[0.7071,0,0.7071,0],[0,0,0,0][0,0,0,9E+09,9E+09,9E+09]], v1000, fine, tool0;
MOVEL [[0.633323,0.316136,0.503826],[0.7071,0,0.7071,0],[0,0,0,0][0,0,0,9E+09,9E+09,9E+09]], v1000, fine, tool0;
MOVEL [[0.632961,0.316412,0.501531],[0.7071,0,0.7071,0],[0,0,0,0][0,0,0,9E+09,9E+09,9E+09]], v1000, fine, tool0;
MOVEL [[0.634549,0.316763,0.497886],[0.7071,0,0.7071,0],[0,0,0,0][0,0,0,9E+09,9E+09,9E+09]], v1000, fine, tool0;
MOVEL [[0.63538,0.317528,0.494113],[0.7071,0,0.7071,0],[0,0,0,0][0,0,0,9E+09,9E+09,9E+09]], v1000, fine, tool0;
MOVEL [[0.635849,0.317678,0.492294],[0.7071,0,0.7071,0],[0,0,0,0][0,0,0,9E+09,9E+09,9E+09]], v1000, fine, tool0;
MOVEL [[0.636695,0.31839,0.487946],[0.7071,0,0.7071,0],[0,0,0,0][0,0,0,9E+09,9E+09,9E+09]], v1000, fine, tool0;
MOVEL [[0.637606,0.31855,0.485204],[0.7071,0,0.7071,0],[0,0,0,0][0,0,0,9E+09,9E+09,9E+09]], v1000, fine, tool0;
MOVEL [[0.638779,0.318949,0.482137],[0.7071,0,0.7071,0],[0,0,0,0][0,0,0,9E+09,9E+09,9E+09]], v1000, fine, tool0;
MOVEL [[0.638569,0.318192,0.479408],[0.7071,0,0.7071,0],[0,0,0,0][0,0,0,9E+09,9E+09,9E+09]], v1000, fine, tool0;
MOVEL [[0.638274,0.317851,0.476347],[0.7071,0,0.7071,0],[0,0,0,0][0,0,0,9E+09,9E+09,9E+09]], v1000, fine, tool0;
MOVEL [[0.638914,0.317752,0.472481],[0.7071,0,0.7071,0],[0,0,0,0][0,0,0,9E+09,9E+09,9E+09]], v1000, fine, tool0;
MOVEL [[0.639546,0.317701,0.470525],[0.7071,0,0.7071,0],[0,0,0,0][0,0,0,9E+09,9E+09,9E+09]], v1000, fine, tool0;
MOVEL [[0.640506,0.318065,0.466563],[0.7071,0,0.7071,0],[0,0,0,0][0,0,0,9E+09,9E+09,9E+09]], v1000, fine, tool0;
MOVEL [[0.640636,0.317816,0.463583],[0.7071,0,0.7071,0],[0,0,0,0][0,0,0,9E+09,9E+09,9E+09]], v1000, fine, tool0;
MOVEL [[0.6413,0.317759,0.461072],[0.7071,0,0.7071,0],[0,0,0,0][0,0,0,9E+09,9E+09,9E+09]], v1000, fine, tool0;
MOVEL [[0.642093,0.317409,0.457471],[0.7071,0,0.7071,0],[0,0,0,0][0,0,0,9E+09,9E+09,9E+09]], v1000, fine, tool0;
MOVEL [[0.642318,0.317704,0.455236],[0.7071,0,0.7071,0],[0,0,0,0][0,0,0,9E+09,9E+09,9E+09]], v1000, fine, tool0;
MOVEL [[0.643013,0.317671,0.450908],[0.7071,0,0.7071,0],[0,0,0,0][0,0,0,9E+09,9E+09,9E+09]], v1000, fine, tool0;
MOVEL [[0.644082,0.317534,0.447468],[0.7071,0,0.7071,0],[0,0,0,0][0,0,0,9E+09,9E+09,9E+09]], v1000, fine, tool0;
MOVEL [[0.643595,0.31784,0.445357],[0.7071,0,0.7071,0],[0,0,0,0][0,0,0,9E+09,9E+09,9E+09]], v1000, fine, tool0;
MOVEL [[0.643604,0.317849,0.441764],[0.7071,0,0.7071,0],[0,0,0,0][0,0,0,9E+09,9E+09,9E+09]], v1000, fine, tool0;
MOVEL [[0.643504,0.317611,0.436889],[0.7071,0,0.7071,0],[0,0,0,0][0,0,0,9E+09,9E+09,9E+09]], v1000, fine, tool0;
MOVEL [[0.64406,0.317538,0.43532],[0.7071,0,0.7071,0],[0,0,0,0][0,0,0,9E+09,9E+09,9E+09]], v1000, fine, tool0;
MOVEL [[0.643766,0.317171,0.429988],[0.7071,0,0.7071,0],[0,0,0,0][0,0,0,9E+09,9E+09,9E+09]], v1000, fine, tool0;
MOVEL [[0.644415,0.316518,0.425237],[0.7071,0,0.7071,0],[0,0,0,0][0,0,0,9E+09,9E+09,9E+09]], v1000, fine, tool0;
MOVEL [[0.643595,0.316077,0.423503],[0.7071,0,0.7071,0],[0,0,0,0][0,0,0,9E+09,9E+09,9E+09]], v1000, fine, tool0;
MOVEL [[0.644405,0.315834,0.419782],[0.7071,0,0.7071,0],[0,0,0,0][0,0,0,9E+09,9E+09,9E+09]], v1000, fine, tool0;
MOVEL [[0.645463,0.315612,0.416323],[0.7071,0,0.7071,0],[0,0,0,0][0,0,0,9E+09,9E+09,9E+09]], v1000, fine, tool0;
MOVEL [[0.645357,0.315631,0.414634],[0.7071,0,0.7071,0],[0,0,0,0][0,0,0,9E+09,9E+09,9E+09]], v1000, fine, tool0;
MOVEL [[0.645452,0.315555,0.410388],[0.7071,0,0.7071,0],[0,0,0,0][0,0,0,9E+09,9E+09,9E+09]], v1000, fine, tool0;
MOVEL [[0.644854,0.315145,0.408056],[0.7071,0,0.7071,0],[0,0,0,0][0,0,0,9E+09,9E+09,9E+09]], v1000, fine, tool0;
MOVEL [[0.645265,0.315098,0.406382],[0.7071,0,0.7071,0],[0,0,0,0][0,0,0,9E+09,9E+09,9E+09]], v1000, fine, tool0;
MOVEL [[0.646154,0.314013,0.402163],[0.7071,0,0.7071,0],[0,0,0,0][0,0,0,9E+09,9E+09,9E+09]], v1000, fine, tool0;
MOVEL [[0.646532,0.31334,0.39935],[0.7071,0,0.7071,0],[0,0,0,0][0,0,0,9E+09,9E+09,9E+09]], v1000, fine, tool0;
MOVEL [[0.645143,0.312989,0.399539],[0.7071,0,0.7071,0],[0,0,0,0][0,0,0,9E+09,9E+09,9E+09]], v1000, fine, tool0;
MOVEL [[0.645966,0.312606,0.395758],[0.7071,0,0.7071,0],[0,0,0,0][0,0,0,9E+09,9E+09,9E+09]], v1000, fine, tool0;
MOVEL [[0.646746,0.312665,0.394502],[0.7071,0,0.7071,0],[0,0,0,0][0,0,0,9E+09,9E+09,9E+09]], v1000, fine, tool0;
MOVEL [[0.646898,0.312514,0.39273],[0.7071,0,0.7071,0],[0,0,0,0][0,0,0,9E+09,9E+09,9E+09]], v1000, fine, tool0;
MOVEL [[0.647389,0.312327,0.389353],[0.7071,0,0.7071,0],[0,0,0,0][0,0,0,9E+09,9E+09,9E+09]], v1000, fine, tool0;
MOVEL [[0.648126,0.312005,0.386672],[0.7071,0,0.7071,0],[0,0,0,0][0,0,0,9E+09,9E+09,9E+09]], v1000, fine, tool0;
MOVEL [[0.647995,0.312126,0.384615],[0.7071,0,0.7071,0],[0,0,0,0][0,0,0,9E+09,9E+09,9E+09]], v1000, fine, tool0;
MOVEL [[0.64839,0.312597,0.381175],[0.7071,0,0.7071,0],[0,0,0,0][0,0,0,9E+09,9E+09,9E+09]], v1000, fine, tool0;
MOVEL [[0.649304,0.312721,0.377651],[0.7071,0,0.7071,0],[0,0,0,0][0,0,0,9E+09,9E+09,9E+09]], v1000, fine, tool0;
MOVEL [[0.650032,0.312543,0.375213],[0.7071,0,0.7071,0],[0,0,0,0][0,0,0,9E+09,9E+09,9E+09]], v1000, fine, tool0;
MOVEL [[0.649659,0.312979,0.372093],[0.7071,0,0.7071,0],[0,0,0,0][0,0,0,9E+09,9E+09,9E+09]], v1000, fine, tool0;
MOVEL [[0.649615,0.313294,0.36943],[0.7071,0,0.7071,0],[0,0,0,0][0,0,0,9E+09,9E+09,9E+09]], v1000, fine, tool0;
MOVEL [[0.649569,0.313449,0.367243],[0.7071,0,0.7071,0],[0,0,0,0][0,0,0,9E+09,9E+09,9E+09]], v1000, fine, tool0;
MOVEL [[0.650588,0.313268,0.364247],[0.7071,0,0.7071,0],[0,0,0,0][0,0,0,9E+09,9E+09,9E+09]], v1000, fine, tool0;
MOVEL [[0.650323,0.312837,0.362329],[0.7071,0,0.7071,0],[0,0,0,0][0,0,0,9E+09,9E+09,9E+09]], v1000, fine, tool0;
MOVEL [[0.64962,0.313206,0.360059],[0.7071,0,0.7071,0],[0,0,0,0][0,0,0,9E+09,9E+09,9E+09]], v1000, fine, tool0;
MOVEL [[0.650296,0.313137,0.356118],[0.7071,0,0.7071,0],[0,0,0,0][0,0,0,9E+09,9E+09,9E+09]], v1000, fine, tool0;
MOVEL [[0.650326,0.313516,0.353804],[0.7071,0,0.7071,0],[0,0,0,0][0,0,0,9E+09,9E+09,9E+09]], v1000, fine, tool0;
MOVEL [[0.650688,0.313451,0.352334],[0.7071,0,0.7071,0],[0,0,0,0][0,0,0,9E+09,9E+09,9E+09]], v1000, fine, tool0;
MOVEL [[0.65218,0.313313,0.348683],[0.7071,0,0.7071,0],[0,0,0,0][0,0,0,9E+09,9E+09,9E+09]], v1000, fine, tool0;
MOVEL [[0.652727,0.313856,0.345797],[0.7071,0,0.7071,0],[0,0,0,0][0,0,0,9E+09,9E+09,9E+09]], v1000, fine, tool0;
MOVEL [[0.653202,0.313832,0.344502],[0.7071,0,0.7071,0],[0,0,0,0][0,0,0,9E+09,9E+09,9E+09]], v1000, fine, tool0;
MOVEL [[0.653522,0.313852,0.34184],[0.7071,0,0.7071,0],[0,0,0,0][0,0,0,9E+09,9E+09,9E+09]], v1000, fine, tool0;
MOVEL [[0.654043,0.313999,0.339884],[0.7071,0,0.7071,0],[0,0,0,0][0,0,0,9E+09,9E+09,9E+09]], v1000, fine, tool0;
MOVEL [[0.653967,0.313902,0.338872],[0.7071,0,0.7071,0],[0,0,0,0][0,0,0,9E+09,9E+09,9E+09]], v1000, fine, tool0;
MOVEL [[0.654639,0.314154,0.335232],[0.7071,0,0.7071,0],[0,0,0,0][0,0,0,9E+09,9E+09,9E+09]], v1000, fine, tool0;
MOVEL [[0.655192,0.314252,0.333524],[0.7071,0,0.7071,0],[0,0,0,0][0,0,0,9E+09,9E+09,9E+09]], v1000, fine, tool0;
MOVEL [[0.655619,0.31455,0.332049],[0.7071,0,0.7071,0],[0,0,0,0][0,0,0,9E+09,9E+09,9E+09]], v1000, fine, tool0;
MOVEL [[0.656016,0.314662,0.328411],[0.7071,0,0.7071,0],[0,0,0,0][0,0,0,9E+09,9E+09,9E+09]], v1000, fine, tool0;
MOVEL [[0.655941,0.314995,0.325517],[0.7071,0,0.7071,0],[0,0,0,0][0,0,0,9E+09,9E+09,9E+09]], v1000, fine, tool0;
MOVEL [[0.656357,0.315045,0.324354],[0.7071,0,0.7071,0],[0,0,0,0][0,0,0,9E+09,9E+09,9E+09]], v1000, fine, tool0;
MOVEL [[0.656541,0.315425,0.320607],[0.7071,0,0.7071,0],[0,0,0,0][0,0,0,9E+09,9E+09,9E+09]], v1000, fine, tool0;
MOVEL [[0.655779,0.31545,0.317653],[0.7071,0,0.7071,0],[0,0,0,0][0,0,0,9E+09,9E+09,9E+09]], v1000, fine, tool0;
MOVEL [[0.654775,0.31494,0.316092],[0.7071,0,0.7071,0],[0,0,0,0][0,0,0,9E+09,9E+09,9E+09]], v1000, fine, tool0;
MOVEL [[0.655536,0.314898,0.313678],[0.7071,0,0.7071,0],[0,0,0,0][0,0,0,9E+09,9E+09,9E+09]], v1000, fine, tool0;
MOVEL [[0.6546,0.314855,0.311781],[0.7071,0,0.7071,0],[0,0,0,0][0,0,0,9E+09,9E+09,9E+09]], v1000, fine, tool0;
MOVEL [[0.654803,0.314962,0.310254],[0.7071,0,0.7071,0],[0,0,0,0][0,0,0,9E+09,9E+09,9E+09]], v1000, fine, tool0;
MOVEL [[0.654791,0.314843,0.307687],[0.7071,0,0.7071,0],[0,0,0,0][0,0,0,9E+09,9E+09,9E+09]], v1000, fine, tool0;
MOVEL [[0.655297,0.314789,0.305459],[0.7071,0,0.7071,0],[0,0,0,0][0,0,0,9E+09,9E+09,9E+09]], v1000, fine, tool0;
MOVEL [[0.654788,0.314962,0.303019],[0.7071,0,0.7071,0],[0,0,0,0][0,0,0,9E+09,9E+09,9E+09]], v1000, fine, tool0;
MOVEL [[0.654225,0.315147,0.300493],[0.7071,0,0.7071,0],[0,0,0,0][0,0,0,9E+09,9E+09,9E+09]], v1000, fine, tool0;
MOVEL [[0.654172,0.315175,0.298773],[0.7071,0,0.7071,0],[0,0,0,0][0,0,0,9E+09,9E+09,9E+09]], v1000, fine, tool0;
MOVEL [[0.654461,0.315093,0.297843],[0.7071,0,0.7071,0],[0,0,0,0][0,0,0,9E+09,9E+09,9E+09]], v1000, fine, tool0;
MOVEL [[0.654988,0.314838,0.296256],[0.7071,0,0.7071,0],[0,0,0,0][0,0,0,9E+09,9E+09,9E+09]], v1000, fine, tool0;
MOVEL [[0.655913,0.314514,0.295008],[0.7071,0,0.7071,0],[0,0,0,0][0,0,0,9E+09,9E+09,9E+09]], v1000, fine, tool0;
MOVEL [[0.655763,0.314662,0.294299],[0.7071,0,0.7071,0],[0,0,0,0][0,0,0,9E+09,9E+09,9E+09]], v1000, fine, tool0;
MOVEL [[0.656271,0.314451,0.292807],[0.7071,0,0.7071,0],[0,0,0,0][0,0,0,9E+09,9E+09,9E+09]], v1000, fine, tool0;
MOVEL [[0.655954,0.314392,0.292057],[0.7071,0,0.7071,0],[0,0,0,0][0,0,0,9E+09,9E+09,9E+09]], v1000, fine, tool0;
MOVEL [[0.655409,0.31466,0.291697],[0.7071,0,0.7071,0],[0,0,0,0][0,0,0,9E+09,9E+09,9E+09]], v1000, fine, tool0;
MOVEL [[0.654787,0.314522,0.29076],[0.7071,0,0.7071,0],[0,0,0,0][0,0,0,9E+09,9E+09,9E+09]], v1000, fine, tool0;
MOVEL [[0.655617,0.313967,0.289808],[0.7071,0,0.7071,0],[0,0,0,0][0,0,0,9E+09,9E+09,9E+09]], v1000, fine, tool0;
MOVEL [[0.655741,0.313891,0.289446],[0.7071,0,0.7071,0],[0,0,0,0][0,0,0,9E+09,9E+09,9E+09]], v1000, fine, tool0;
MOVEL [[0.656031,0.313566,0.288933],[0.7071,0,0.7071,0],[0,0,0,0][0,0,0,9E+09,9E+09,9E+09]], v1000, fine, tool0;
MOVEL [[0.65596,0.313231,0.289209],[0.7071,0,0.7071,0],[0,0,0,0][0,0,0,9E+09,9E+09,9E+09]], v1000, fine, tool0;
MOVEL [[0.656108,0.313131,0.28879],[0.7071,0,0.7071,0],[0,0,0,0][0,0,0,9E+09,9E+09,9E+09]], v1000, fine, tool0;
MOVEL [[0.656165,0.312538,0.28873],[0.7071,0,0.7071,0],[0,0,0,0][0,0,0,9E+09,9E+09,9E+09]], v1000, fine, tool0;
MOVEL [[0.657146,0.311965,0.28897],[0.7071,0,0.7071,0],[0,0,0,0][0,0,0,9E+09,9E+09,9E+09]], v1000, fine, tool0;
MOVEL [[0.657416,0.311222,0.28896],[0.7071,0,0.7071,0],[0,0,0,0][0,0,0,9E+09,9E+09,9E+09]], v1000, fine, tool0;
MOVEL [[0.657722,0.31116,0.288317],[0.7071,0,0.7071,0],[0,0,0,0][0,0,0,9E+09,9E+09,9E+09]], v1000, fine, tool0;
MOVEL [[0.658275,0.31135,0.288971],[0.7071,0,0.7071,0],[0,0,0,0][0,0,0,9E+09,9E+09,9E+09]], v1000, fine, tool0;
MOVEL [[0.658185,0.311998,0.289333],[0.7071,0,0.7071,0],[0,0,0,0][0,0,0,9E+09,9E+09,9E+09]], v1000, fine, tool0;
MOVEL [[0.657736,0.312312,0.289652],[0.7071,0,0.7071,0],[0,0,0,0][0,0,0,9E+09,9E+09,9E+09]], v1000, fine, tool0;
MOVEL [[0.657293,0.312716,0.289956],[0.7071,0,0.7071,0],[0,0,0,0][0,0,0,9E+09,9E+09,9E+09]], v1000, fine, tool0;
MOVEL [[0.657413,0.312701,0.289741],[0.7071,0,0.7071,0],[0,0,0,0][0,0,0,9E+09,9E+09,9E+09]], v1000, fine, tool0;
MOVEL [[0.657206,0.312792,0.290528],[0.7071,0,0.7071,0],[0,0,0,0][0,0,0,9E+09,9E+09,9E+09]], v1000, fine, tool0;
MOVEL [[0.656942,0.312551,0.291594],[0.7071,0,0.7071,0],[0,0,0,0][0,0,0,9E+09,9E+09,9E+09]], v1000, fine, tool0;
MOVEL [[0.657621,0.312053,0.291524],[0.7071,0,0.7071,0],[0,0,0,0][0,0,0,9E+09,9E+09,9E+09]], v1000, fine, tool0;
MOVEL [[0.657752,0.312034,0.29137],[0.7071,0,0.7071,0],[0,0,0,0][0,0,0,9E+09,9E+09,9E+09]], v1000, fine, tool0;
MOVEL [[0.658234,0.311256,0.292427],[0.7071,0,0.7071,0],[0,0,0,0][0,0,0,9E+09,9E+09,9E+09]], v1000, fine, tool0;
MOVEL [[0.658646,0.310299,0.293488],[0.7071,0,0.7071,0],[0,0,0,0][0,0,0,9E+09,9E+09,9E+09]], v1000, fine, tool0;
MOVEL [[0.658936,0.30894,0.294169],[0.7071,0,0.7071,0],[0,0,0,0][0,0,0,9E+09,9E+09,9E+09]], v1000, fine, tool0;
MOVEL [[0.659176,0.308713,0.29406],[0.7071,0,0.7071,0],[0,0,0,0][0,0,0,9E+09,9E+09,9E+09]], v1000, fine, tool0;
MOVEL [[0.659572,0.306526,0.294002],[0.7071,0,0.7071,0],[0,0,0,0][0,0,0,9E+09,9E+09,9E+09]], v1000, fine, tool0;
MOVEL [[0.659466,0.303487,0.294073],[0.7071,0,0.7071,0],[0,0,0,0][0,0,0,9E+09,9E+09,9E+09]], v1000, fine, tool0;
MOVEL [[0.659075,0.300328,0.294209],[0.7071,0,0.7071,0],[0,0,0,0][0,0,0,9E+09,9E+09,9E+09]], v1000, fine, tool0;
MOVEL [[0.657697,0.296032,0.29471],[0.7071,0,0.7071,0],[0,0,0,0][0,0,0,9E+09,9E+09,9E+09]], v1000, fine, tool0;
MOVEL [[0.657778,0.294972,0.294835],[0.7071,0,0.7071,0],[0,0,0,0][0,0,0,9E+09,9E+09,9E+09]], v1000, fine, tool0;
MOVEL [[0.655838,0.290824,0.29507],[0.7071,0,0.7071,0],[0,0,0,0][0,0,0,9E+09,9E+09,9E+09]], v1000, fine, tool0;
MOVEL [[0.654595,0.288153,0.294968],[0.7071,0,0.7071,0],[0,0,0,0][0,0,0,9E+09,9E+09,9E+09]], v1000, fine, tool0;
MOVEL [[0.654023,0.285795,0.295092],[0.7071,0,0.7071,0],[0,0,0,0][0,0,0,9E+09,9E+09,9E+09]], v1000, fine, tool0;
MOVEL [[0.653939,0.282521,0.295629],[0.7071,0,0.7071,0],[0,0,0,0][0,0,0,9E+09,9E+09,9E+09]], v1000, fine, tool0;
MOVEL [[0.653982,0.279486,0.295251],[0.7071,0,0.7071,0],[0,0,0,0][0,0,0,9E+09,9E+09,9E+09]], v1000, fine, tool0;
MOVEL [[0.6546,0.276432,0.294518],[0.7071,0,0.7071,0],[0,0,0,0][0,0,0,9E+09,9E+09,9E+09]], v1000, fine, tool0;
MOVEL [[0.654954,0.271532,0.294338],[0.7071,0,0.7071,0],[0,0,0,0][0,0,0,9E+09,9E+09,9E+09]], v1000, fine, tool0;
MOVEL [[0.654792,0.270436,0.294416],[0.7071,0,0.7071,0],[0,0,0,0][0,0,0,9E+09,9E+09,9E+09]], v1000, fine, tool0;
MOVEL [[0.654396,0.266884,0.294012],[0.7071,0,0.7071,0],[0,0,0,0][0,0,0,9E+09,9E+09,9E+09]], v1000, fine, tool0;
MOVEL [[0.653864,0.262228,0.293544],[0.7071,0,0.7071,0],[0,0,0,0][0,0,0,9E+09,9E+09,9E+09]], v1000, fine, tool0;
MOVEL [[0.653534,0.258421,0.293906],[0.7071,0,0.7071,0],[0,0,0,0][0,0,0,9E+09,9E+09,9E+09]], v1000, fine, tool0;
MOVEL [[0.653265,0.256948,0.293987],[0.7071,0,0.7071,0],[0,0,0,0][0,0,0,9E+09,9E+09,9E+09]], v1000, fine, tool0;
MOVEL [[0.651737,0.251546,0.294217],[0.7071,0,0.7071,0],[0,0,0,0][0,0,0,9E+09,9E+09,9E+09]], v1000, fine, tool0;
MOVEL [[0.652433,0.250371,0.293685],[0.7071,0,0.7071,0],[0,0,0,0][0,0,0,9E+09,9E+09,9E+09]], v1000, fine, tool0;
MOVEL [[0.652937,0.246954,0.293011],[0.7071,0,0.7071,0],[0,0,0,0][0,0,0,9E+09,9E+09,9E+09]], v1000, fine, tool0;
MOVEL [[0.652542,0.244509,0.293149],[0.7071,0,0.7071,0],[0,0,0,0][0,0,0,9E+09,9E+09,9E+09]], v1000, fine, tool0;
MOVEL [[0.652493,0.24076,0.293089],[0.7071,0,0.7071,0],[0,0,0,0][0,0,0,9E+09,9E+09,9E+09]], v1000, fine, tool0;
MOVEL [[0.652226,0.234635,0.293218],[0.7071,0,0.7071,0],[0,0,0,0][0,0,0,9E+09,9E+09,9E+09]], v1000, fine, tool0;
MOVEL [[0.652013,0.231072,0.293276],[0.7071,0,0.7071,0],[0,0,0,0][0,0,0,9E+09,9E+09,9E+09]], v1000, fine, tool0;
MOVEL [[0.652126,0.227383,0.292428],[0.7071,0,0.7071,0],[0,0,0,0][0,0,0,9E+09,9E+09,9E+09]], v1000, fine, tool0;
MOVEL [[0.651937,0.225806,0.292487],[0.7071,0,0.7071,0],[0,0,0,0][0,0,0,9E+09,9E+09,9E+09]], v1000, fine, tool0;
MOVEL [[0.651436,0.22145,0.292624],[0.7071,0,0.7071,0],[0,0,0,0][0,0,0,9E+09,9E+09,9E+09]], v1000, fine, tool0;
MOVEL [[0.652185,0.217708,0.292616],[0.7071,0,0.7071,0],[0,0,0,0][0,0,0,9E+09,9E+09,9E+09]], v1000, fine, tool0;
MOVEL [[0.651854,0.215625,0.292689],[0.7071,0,0.7071,0],[0,0,0,0][0,0,0,9E+09,9E+09,9E+09]], v1000, fine, tool0;
MOVEL [[0.652329,0.210118,0.292814],[0.7071,0,0.7071,0],[0,0,0,0][0,0,0,9E+09,9E+09,9E+09]], v1000, fine, tool0;
MOVEL [[0.652383,0.205626,0.292461],[0.7071,0,0.7071,0],[0,0,0,0][0,0,0,9E+09,9E+09,9E+09]], v1000, fine, tool0;
MOVEL [[0.651856,0.202562,0.292024],[0.7071,0,0.7071,0],[0,0,0,0][0,0,0,9E+09,9E+09,9E+09]], v1000, fine, tool0;
MOVEL [[0.651261,0.199578,0.292282],[0.7071,0,0.7071,0],[0,0,0,0][0,0,0,9E+09,9E+09,9E+09]], v1000, fine, tool0;
MOVEL [[0.65163,0.196986,0.291763],[0.7071,0,0.7071,0],[0,0,0,0][0,0,0,9E+09,9E+09,9E+09]], v1000, fine, tool0;
MOVEL [[0.652054,0.192669,0.291275],[0.7071,0,0.7071,0],[0,0,0,0][0,0,0,9E+09,9E+09,9E+09]], v1000, fine, tool0;
MOVEL [[0.652466,0.188399,0.290772],[0.7071,0,0.7071,0],[0,0,0,0][0,0,0,9E+09,9E+09,9E+09]], v1000, fine, tool0;
MOVEL [[0.652276,0.186789,0.290901],[0.7071,0,0.7071,0],[0,0,0,0][0,0,0,9E+09,9E+09,9E+09]], v1000, fine, tool0;
MOVEL [[0.652201,0.180684,0.290339],[0.7071,0,0.7071,0],[0,0,0,0][0,0,0,9E+09,9E+09,9E+09]], v1000, fine, tool0;
MOVEL [[0.652349,0.176453,0.289905],[0.7071,0,0.7071,0],[0,0,0,0][0,0,0,9E+09,9E+09,9E+09]], v1000, fine, tool0;
MOVEL [[0.652084,0.172394,0.289472],[0.7071,0,0.7071,0],[0,0,0,0][0,0,0,9E+09,9E+09,9E+09]], v1000, fine, tool0;
MOVEL [[0.652026,0.167158,0.28937],[0.7071,0,0.7071,0],[0,0,0,0][0,0,0,9E+09,9E+09,9E+09]], v1000, fine, tool0;
MOVEL [[0.651694,0.164037,0.289477],[0.7071,0,0.7071,0],[0,0,0,0][0,0,0,9E+09,9E+09,9E+09]], v1000, fine, tool0;
MOVEL [[0.653062,0.159963,0.290048],[0.7071,0,0.7071,0],[0,0,0,0][0,0,0,9E+09,9E+09,9E+09]], v1000, fine, tool0;
MOVEL [[0.654671,0.15507,0.289997],[0.7071,0,0.7071,0],[0,0,0,0][0,0,0,9E+09,9E+09,9E+09]], v1000, fine, tool0;
MOVEL [[0.654245,0.151623,0.290097],[0.7071,0,0.7071,0],[0,0,0,0][0,0,0,9E+09,9E+09,9E+09]], v1000, fine, tool0;
MOVEL [[0.65458,0.147747,0.290438],[0.7071,0,0.7071,0],[0,0,0,0][0,0,0,9E+09,9E+09,9E+09]], v1000, fine, tool0;
MOVEL [[0.654291,0.142396,0.290077],[0.7071,0,0.7071,0],[0,0,0,0][0,0,0,9E+09,9E+09,9E+09]], v1000, fine, tool0;
MOVEL [[0.655851,0.137388,0.290339],[0.7071,0,0.7071,0],[0,0,0,0][0,0,0,9E+09,9E+09,9E+09]], v1000, fine, tool0;
MOVEL [[0.655664,0.135393,0.290379],[0.7071,0,0.7071,0],[0,0,0,0][0,0,0,9E+09,9E+09,9E+09]], v1000, fine, tool0;
MOVEL [[0.655923,0.13008,0.291251],[0.7071,0,0.7071,0],[0,0,0,0][0,0,0,9E+09,9E+09,9E+09]], v1000, fine, tool0;
MOVEL [[0.656051,0.125074,0.291322],[0.7071,0,0.7071,0],[0,0,0,0][0,0,0,9E+09,9E+09,9E+09]], v1000, fine, tool0;
MOVEL [[0.656261,0.12225,0.291009],[0.7071,0,0.7071,0],[0,0,0,0][0,0,0,9E+09,9E+09,9E+09]], v1000, fine, tool0;
MOVEL [[0.655951,0.117782,0.291394],[0.7071,0,0.7071,0],[0,0,0,0][0,0,0,9E+09,9E+09,9E+09]], v1000, fine, tool0;
MOVEL [[0.655322,0.113099,0.290764],[0.7071,0,0.7071,0],[0,0,0,0][0,0,0,9E+09,9E+09,9E+09]], v1000, fine, tool0;
MOVEL [[0.655994,0.110186,0.290526],[0.7071,0,0.7071,0],[0,0,0,0][0,0,0,9E+09,9E+09,9E+09]], v1000, fine, tool0;
MOVEL [[0.656255,0.104251,0.29133],[0.7071,0,0.7071,0],[0,0,0,0][0,0,0,9E+09,9E+09,9E+09]], v1000, fine, tool0;
MOVEL [[0.657144,0.100788,0.291799],[0.7071,0,0.7071,0],[0,0,0,0][0,0,0,9E+09,9E+09,9E+09]], v1000, fine, tool0;
MOVEL [[0.656989,0.0988359,0.291925],[0.7071,0,0.7071,0],[0,0,0,0][0,0,0,9E+09,9E+09,9E+09]], v1000, fine, tool0;
MOVEL [[0.657102,0.0945468,0.292463],[0.7071,0,0.7071,0],[0,0,0,0][0,0,0,9E+09,9E+09,9E+09]], v1000, fine, tool0;
MOVEL [[0.657354,0.0897291,0.292979],[0.7071,0,0.7071,0],[0,0,0,0][0,0,0,9E+09,9E+09,9E+09]], v1000, fine, tool0;
MOVEL [[0.658531,0.0870779,0.29308],[0.7071,0,0.7071,0],[0,0,0,0][0,0,0,9E+09,9E+09,9E+09]], v1000, fine, tool0;
MOVEL [[0.658168,0.0833903,0.293554],[0.7071,0,0.7071,0],[0,0,0,0][0,0,0,9E+09,9E+09,9E+09]], v1000, fine, tool0;
MOVEL [[0.658909,0.0795427,0.293249],[0.7071,0,0.7071,0],[0,0,0,0][0,0,0,9E+09,9E+09,9E+09]], v1000, fine, tool0;
MOVEL [[0.659788,0.0759474,0.294029],[0.7071,0,0.7071,0],[0,0,0,0][0,0,0,9E+09,9E+09,9E+09]], v1000, fine, tool0;
MOVEL [[0.66088,0.0706728,0.295869],[0.7071,0,0.7071,0],[0,0,0,0][0,0,0,9E+09,9E+09,9E+09]], v1000, fine, tool0;
MOVEL [[0.66052,0.0666324,0.2963],[0.7071,0,0.7071,0],[0,0,0,0][0,0,0,9E+09,9E+09,9E+09]], v1000, fine, tool0;
MOVEL [[0.661239,0.0644089,0.296906],[0.7071,0,0.7071,0],[0,0,0,0][0,0,0,9E+09,9E+09,9E+09]], v1000, fine, tool0;
MOVEL [[0.660718,0.0588048,0.297257],[0.7071,0,0.7071,0],[0,0,0,0][0,0,0,9E+09,9E+09,9E+09]], v1000, fine, tool0;
MOVEL [[0.661781,0.0552832,0.297274],[0.7071,0,0.7071,0],[0,0,0,0][0,0,0,9E+09,9E+09,9E+09]], v1000, fine, tool0;
MOVEL [[0.661682,0.0523492,0.29768],[0.7071,0,0.7071,0],[0,0,0,0][0,0,0,9E+09,9E+09,9E+09]], v1000, fine, tool0;
MOVEL [[0.663586,0.0485975,0.2984],[0.7071,0,0.7071,0],[0,0,0,0][0,0,0,9E+09,9E+09,9E+09]], v1000, fine, tool0;
MOVEL [[0.663328,0.0430456,0.299851],[0.7071,0,0.7071,0],[0,0,0,0][0,0,0,9E+09,9E+09,9E+09]], v1000, fine, tool0;
MOVEL [[0.66386,0.0398799,0.301328],[0.7071,0,0.7071,0],[0,0,0,0][0,0,0,9E+09,9E+09,9E+09]], v1000, fine, tool0;
MOVEL [[0.663441,0.0347569,0.302214],[0.7071,0,0.7071,0],[0,0,0,0][0,0,0,9E+09,9E+09,9E+09]], v1000, fine, tool0;
MOVEL [[0.664397,0.0317272,0.30342],[0.7071,0,0.7071,0],[0,0,0,0][0,0,0,9E+09,9E+09,9E+09]], v1000, fine, tool0;
MOVEL [[0.666116,0.0295978,0.303953],[0.7071,0,0.7071,0],[0,0,0,0][0,0,0,9E+09,9E+09,9E+09]], v1000, fine, tool0;
MOVEL [[0.667106,0.0245744,0.304061],[0.7071,0,0.7071,0],[0,0,0,0][0,0,0,9E+09,9E+09,9E+09]], v1000, fine, tool0;
MOVEL [[0.666687,0.0207682,0.30451],[0.7071,0,0.7071,0],[0,0,0,0][0,0,0,9E+09,9E+09,9E+09]], v1000, fine, tool0;
MOVEL [[0.668234,0.0179932,0.304161],[0.7071,0,0.7071,0],[0,0,0,0][0,0,0,9E+09,9E+09,9E+09]], v1000, fine, tool0;
MOVEL [[0.667994,0.0129304,0.304496],[0.7071,0,0.7071,0],[0,0,0,0][0,0,0,9E+09,9E+09,9E+09]], v1000, fine, tool0;
MOVEL [[0.667669,0.00914397,0.304427],[0.7071,0,0.7071,0],[0,0,0,0][0,0,0,9E+09,9E+09,9E+09]], v1000, fine, tool0;
MOVEL [[0.667517,0.00720306,0.304673],[0.7071,0,0.7071,0],[0,0,0,0][0,0,0,9E+09,9E+09,9E+09]], v1000, fine, tool0;
MOVEL [[0.667392,0.00229979,0.304541],[0.7071,0,0.7071,0],[0,0,0,0][0,0,0,9E+09,9E+09,9E+09]], v1000, fine, tool0;
MOVEL [[0.667177,-0.00123244,0.303987],[0.7071,0,0.7071,0],[0,0,0,0][0,0,0,9E+09,9E+09,9E+09]], v1000, fine, tool0;
MOVEL [[0.668124,-0.00254958,0.301905],[0.7071,0,0.7071,0],[0,0,0,0][0,0,0,9E+09,9E+09,9E+09]], v1000, fine, tool0;
MOVEL [[0.668457,-0.00704956,0.300991],[0.7071,0,0.7071,0],[0,0,0,0][0,0,0,9E+09,9E+09,9E+09]], v1000, fine, tool0;
MOVEL [[0.668166,-0.00993293,0.300877],[0.7071,0,0.7071,0],[0,0,0,0][0,0,0,9E+09,9E+09,9E+09]], v1000, fine, tool0;
MOVEL [[0.668171,-0.0122243,0.300734],[0.7071,0,0.7071,0],[0,0,0,0][0,0,0,9E+09,9E+09,9E+09]], v1000, fine, tool0;
MOVEL [[0.66797,-0.0159082,0.300341],[0.7071,0,0.7071,0],[0,0,0,0][0,0,0,9E+09,9E+09,9E+09]], v1000, fine, tool0;
MOVEL [[0.667592,-0.0193357,0.300146],[0.7071,0,0.7071,0],[0,0,0,0][0,0,0,9E+09,9E+09,9E+09]], v1000, fine, tool0;
MOVEL [[0.668268,-0.0202237,0.299935],[0.7071,0,0.7071,0],[0,0,0,0][0,0,0,9E+09,9E+09,9E+09]], v1000, fine, tool0;
MOVEL [[0.66854,-0.0224,0.29971],[0.7071,0,0.7071,0],[0,0,0,0][0,0,0,9E+09,9E+09,9E+09]], v1000, fine, tool0;
MOVEL [[0.66929,-0.0242592,0.29915],[0.7071,0,0.7071,0],[0,0,0,0][0,0,0,9E+09,9E+09,9E+09]], v1000, fine, tool0;
MOVEL [[0.670153,-0.0249416,0.298624],[0.7071,0,0.7071,0],[0,0,0,0][0,0,0,9E+09,9E+09,9E+09]], v1000, fine, tool0;
MOVEL [[0.669972,-0.0284392,0.298322],[0.7071,0,0.7071,0],[0,0,0,0][0,0,0,9E+09,9E+09,9E+09]], v1000, fine, tool0;
MOVEL [[0.670327,-0.0299076,0.298716],[0.7071,0,0.7071,0],[0,0,0,0][0,0,0,9E+09,9E+09,9E+09]], v1000, fine, tool0;
MOVEL [[0.67013,-0.0311131,0.298775],[0.7071,0,0.7071,0],[0,0,0,0][0,0,0,9E+09,9E+09,9E+09]], v1000, fine, tool0;
MOVEL [[0.669882,-0.0338958,0.298643],[0.7071,0,0.7071,0],[0,0,0,0][0,0,0,9E+09,9E+09,9E+09]], v1000, fine, tool0;
MOVEL [[0.669783,-0.0355666,0.298623],[0.7071,0,0.7071,0],[0,0,0,0][0,0,0,9E+09,9E+09,9E+09]], v1000, fine, tool0;
MOVEL [[0.669846,-0.0362335,0.298637],[0.7071,0,0.7071,0],[0,0,0,0][0,0,0,9E+09,9E+09,9E+09]], v1000, fine, tool0;
MOVEL [[0.669707,-0.0378821,0.298496],[0.7071,0,0.7071,0],[0,0,0,0][0,0,0,9E+09,9E+09,9E+09]], v1000, fine, tool0;
MOVEL [[0.669439,-0.0382263,0.298418],[0.7071,0,0.7071,0],[0,0,0,0][0,0,0,9E+09,9E+09,9E+09]], v1000, fine, tool0;
MOVEL [[0.669322,-0.0393627,0.298419],[0.7071,0,0.7071,0],[0,0,0,0][0,0,0,9E+09,9E+09,9E+09]], v1000, fine, tool0;
MOVEL [[0.668827,-0.0404369,0.29946],[0.7071,0,0.7071,0],[0,0,0,0][0,0,0,9E+09,9E+09,9E+09]], v1000, fine, tool0;
MOVEL [[0.668745,-0.0405462,0.300566],[0.7071,0,0.7071,0],[0,0,0,0][0,0,0,9E+09,9E+09,9E+09]], v1000, fine, tool0;
MOVEL [[0.669147,-0.0401348,0.301206],[0.7071,0,0.7071,0],[0,0,0,0][0,0,0,9E+09,9E+09,9E+09]], v1000, fine, tool0;
MOVEL [[0.668829,-0.0419764,0.301514],[0.7071,0,0.7071,0],[0,0,0,0][0,0,0,9E+09,9E+09,9E+09]], v1000, fine, tool0;
MOVEL [[0.669086,-0.0414069,0.302214],[0.7071,0,0.7071,0],[0,0,0,0][0,0,0,9E+09,9E+09,9E+09]], v1000, fine, tool0;
MOVEL [[0.66889,-0.0407517,0.303079],[0.7071,0,0.7071,0],[0,0,0,0][0,0,0,9E+09,9E+09,9E+09]], v1000, fine, tool0;
MOVEL [[0.668602,-0.0408698,0.303982],[0.7071,0,0.7071,0],[0,0,0,0][0,0,0,9E+09,9E+09,9E+09]], v1000, fine, tool0;
MOVEL [[0.668304,-0.0406383,0.304469],[0.7071,0,0.7071,0],[0,0,0,0][0,0,0,9E+09,9E+09,9E+09]], v1000, fine, tool0;
MOVEL [[0.66821,-0.0410086,0.304679],[0.7071,0,0.7071,0],[0,0,0,0][0,0,0,9E+09,9E+09,9E+09]], v1000, fine, tool0;
MOVEL [[0.667705,-0.0412066,0.305612],[0.7071,0,0.7071,0],[0,0,0,0][0,0,0,9E+09,9E+09,9E+09]], v1000, fine, tool0;
MOVEL [[0.66763,-0.0406197,0.306369],[0.7071,0,0.7071,0],[0,0,0,0][0,0,0,9E+09,9E+09,9E+09]], v1000, fine, tool0;
MOVEL [[0.667494,-0.0409479,0.306634],[0.7071,0,0.7071,0],[0,0,0,0][0,0,0,9E+09,9E+09,9E+09]], v1000, fine, tool0;
MOVEL [[0.666931,-0.0401901,0.308788],[0.7071,0,0.7071,0],[0,0,0,0][0,0,0,9E+09,9E+09,9E+09]], v1000, fine, tool0;
MOVEL [[0.666808,-0.0395752,0.310416],[0.7071,0,0.7071,0],[0,0,0,0][0,0,0,9E+09,9E+09,9E+09]], v1000, fine, tool0;
MOVEL [[0.666402,-0.0393124,0.311618],[0.7071,0,0.7071,0],[0,0,0,0][0,0,0,9E+09,9E+09,9E+09]], v1000, fine, tool0;
MOVEL [[0.665297,-0.0391223,0.313737],[0.7071,0,0.7071,0],[0,0,0,0][0,0,0,9E+09,9E+09,9E+09]], v1000, fine, tool0;
MOVEL [[0.664747,-0.0393431,0.314692],[0.7071,0,0.7071,0],[0,0,0,0][0,0,0,9E+09,9E+09,9E+09]], v1000, fine, tool0;
MOVEL [[0.663666,-0.0393095,0.317347],[0.7071,0,0.7071,0],[0,0,0,0][0,0,0,9E+09,9E+09,9E+09]], v1000, fine, tool0;
MOVEL [[0.662265,-0.0402547,0.320573],[0.7071,0,0.7071,0],[0,0,0,0][0,0,0,9E+09,9E+09,9E+09]], v1000, fine, tool0;
MOVEL [[0.661404,-0.0404122,0.322264],[0.7071,0,0.7071,0],[0,0,0,0][0,0,0,9E+09,9E+09,9E+09]], v1000, fine, tool0;
MOVEL [[0.661094,-0.0405136,0.322933],[0.7071,0,0.7071,0],[0,0,0,0][0,0,0,9E+09,9E+09,9E+09]], v1000, fine, tool0;
MOVEL [[0.65991,-0.0405169,0.325511],[0.7071,0,0.7071,0],[0,0,0,0][0,0,0,9E+09,9E+09,9E+09]], v1000, fine, tool0;
MOVEL [[0.659036,-0.0403116,0.327422],[0.7071,0,0.7071,0],[0,0,0,0][0,0,0,9E+09,9E+09,9E+09]], v1000, fine, tool0;
MOVEL [[0.658553,-0.0403742,0.32935],[0.7071,0,0.7071,0],[0,0,0,0][0,0,0,9E+09,9E+09,9E+09]], v1000, fine, tool0;
MOVEL [[0.657947,-0.0405351,0.330612],[0.7071,0,0.7071,0],[0,0,0,0][0,0,0,9E+09,9E+09,9E+09]], v1000, fine, tool0;
MOVEL [[0.657481,-0.0404244,0.333138],[0.7071,0,0.7071,0],[0,0,0,0][0,0,0,9E+09,9E+09,9E+09]], v1000, fine, tool0;
MOVEL [[0.657045,-0.0402938,0.334765],[0.7071,0,0.7071,0],[0,0,0,0][0,0,0,9E+09,9E+09,9E+09]], v1000, fine, tool0;
MOVEL [[0.655716,-0.0402146,0.336971],[0.7071,0,0.7071,0],[0,0,0,0][0,0,0,9E+09,9E+09,9E+09]], v1000, fine, tool0;
MOVEL [[0.655059,-0.0404392,0.33859],[0.7071,0,0.7071,0],[0,0,0,0][0,0,0,9E+09,9E+09,9E+09]], v1000, fine, tool0;
MOVEL [[0.653431,-0.0407472,0.341891],[0.7071,0,0.7071,0],[0,0,0,0][0,0,0,9E+09,9E+09,9E+09]], v1000, fine, tool0;
MOVEL [[0.653035,-0.0404998,0.344482],[0.7071,0,0.7071,0],[0,0,0,0][0,0,0,9E+09,9E+09,9E+09]], v1000, fine, tool0;
MOVEL [[0.652832,-0.0400068,0.347451],[0.7071,0,0.7071,0],[0,0,0,0][0,0,0,9E+09,9E+09,9E+09]], v1000, fine, tool0;
MOVEL [[0.652424,-0.0401317,0.348346],[0.7071,0,0.7071,0],[0,0,0,0][0,0,0,9E+09,9E+09,9E+09]], v1000, fine, tool0;
MOVEL [[0.652619,-0.0395761,0.352249],[0.7071,0,0.7071,0],[0,0,0,0][0,0,0,9E+09,9E+09,9E+09]], v1000, fine, tool0;
MOVEL [[0.651926,-0.039554,0.35521],[0.7071,0,0.7071,0],[0,0,0,0][0,0,0,9E+09,9E+09,9E+09]], v1000, fine, tool0;
MOVEL [[0.65079,-0.0393989,0.358389],[0.7071,0,0.7071,0],[0,0,0,0][0,0,0,9E+09,9E+09,9E+09]], v1000, fine, tool0;
MOVEL [[0.649779,-0.0396276,0.361466],[0.7071,0,0.7071,0],[0,0,0,0][0,0,0,9E+09,9E+09,9E+09]], v1000, fine, tool0;
MOVEL [[0.6485,-0.0389097,0.363995],[0.7071,0,0.7071,0],[0,0,0,0][0,0,0,9E+09,9E+09,9E+09]], v1000, fine, tool0;
MOVEL [[0.647638,-0.0379332,0.36636],[0.7071,0,0.7071,0],[0,0,0,0][0,0,0,9E+09,9E+09,9E+09]], v1000, fine, tool0;
MOVEL [[0.647226,-0.0379454,0.368114],[0.7071,0,0.7071,0],[0,0,0,0][0,0,0,9E+09,9E+09,9E+09]], v1000, fine, tool0;
MOVEL [[0.647392,-0.0376621,0.3724],[0.7071,0,0.7071,0],[0,0,0,0][0,0,0,9E+09,9E+09,9E+09]], v1000, fine, tool0;
MOVEL [[0.646681,-0.0376574,0.374011],[0.7071,0,0.7071,0],[0,0,0,0][0,0,0,9E+09,9E+09,9E+09]], v1000, fine, tool0;
MOVEL [[0.646709,-0.0375903,0.378603],[0.7071,0,0.7071,0],[0,0,0,0][0,0,0,9E+09,9E+09,9E+09]], v1000, fine, tool0;
MOVEL [[0.645866,-0.0376152,0.380421],[0.7071,0,0.7071,0],[0,0,0,0][0,0,0,9E+09,9E+09,9E+09]], v1000, fine, tool0;
MOVEL [[0.646134,-0.0372419,0.381317],[0.7071,0,0.7071,0],[0,0,0,0][0,0,0,9E+09,9E+09,9E+09]], v1000, fine, tool0;
MOVEL [[0.645371,-0.0367715,0.384228],[0.7071,0,0.7071,0],[0,0,0,0][0,0,0,9E+09,9E+09,9E+09]], v1000, fine, tool0;
MOVEL [[0.644479,-0.0364825,0.38688],[0.7071,0,0.7071,0],[0,0,0,0][0,0,0,9E+09,9E+09,9E+09]], v1000, fine, tool0;
MOVEL [[0.642935,-0.0368798,0.38955],[0.7071,0,0.7071,0],[0,0,0,0][0,0,0,9E+09,9E+09,9E+09]], v1000, fine, tool0;
MOVEL [[0.641827,-0.0374253,0.392063],[0.7071,0,0.7071,0],[0,0,0,0][0,0,0,9E+09,9E+09,9E+09]], v1000, fine, tool0;
MOVEL [[0.640612,-0.0375423,0.394847],[0.7071,0,0.7071,0],[0,0,0,0][0,0,0,9E+09,9E+09,9E+09]], v1000, fine, tool0;
MOVEL [[0.640776,-0.0376138,0.395579],[0.7071,0,0.7071,0],[0,0,0,0][0,0,0,9E+09,9E+09,9E+09]], v1000, fine, tool0;
MOVEL [[0.639908,-0.0374688,0.397391],[0.7071,0,0.7071,0],[0,0,0,0][0,0,0,9E+09,9E+09,9E+09]], v1000, fine, tool0;
MOVEL [[0.639632,-0.0365096,0.399307],[0.7071,0,0.7071,0],[0,0,0,0][0,0,0,9E+09,9E+09,9E+09]], v1000, fine, tool0;
MOVEL [[0.63902,-0.0364988,0.400902],[0.7071,0,0.7071,0],[0,0,0,0][0,0,0,9E+09,9E+09,9E+09]], v1000, fine, tool0;
MOVEL [[0.637735,-0.0364193,0.402981],[0.7071,0,0.7071,0],[0,0,0,0][0,0,0,9E+09,9E+09,9E+09]], v1000, fine, tool0;
MOVEL [[0.636894,-0.0358922,0.405238],[0.7071,0,0.7071,0],[0,0,0,0][0,0,0,9E+09,9E+09,9E+09]], v1000, fine, tool0;
MOVEL [[0.636625,-0.0357738,0.405646],[0.7071,0,0.7071,0],[0,0,0,0][0,0,0,9E+09,9E+09,9E+09]], v1000, fine, tool0;
MOVEL [[0.635675,-0.0357187,0.407639],[0.7071,0,0.7071,0],[0,0,0,0][0,0,0,9E+09,9E+09,9E+09]], v1000, fine, tool0;
MOVEL [[0.635194,-0.0357507,0.410067],[0.7071,0,0.7071,0],[0,0,0,0][0,0,0,9E+09,9E+09,9E+09]], v1000, fine, tool0;
MOVEL [[0.634813,-0.0357401,0.412024],[0.7071,0,0.7071,0],[0,0,0,0][0,0,0,9E+09,9E+09,9E+09]], v1000, fine, tool0;
MOVEL [[0.633933,-0.0361985,0.41499],[0.7071,0,0.7071,0],[0,0,0,0][0,0,0,9E+09,9E+09,9E+09]], v1000, fine, tool0;
MOVEL [[0.633262,-0.0362525,0.416426],[0.7071,0,0.7071,0],[0,0,0,0][0,0,0,9E+09,9E+09,9E+09]], v1000, fine, tool0;
MOVEL [[0.632395,-0.0366718,0.419025],[0.7071,0,0.7071,0],[0,0,0,0][0,0,0,9E+09,9E+09,9E+09]], v1000, fine, tool0;
MOVEL [[0.631235,-0.0368692,0.42199],[0.7071,0,0.7071,0],[0,0,0,0][0,0,0,9E+09,9E+09,9E+09]], v1000, fine, tool0;
MOVEL [[0.630354,-0.0370447,0.424623],[0.7071,0,0.7071,0],[0,0,0,0][0,0,0,9E+09,9E+09,9E+09]], v1000, fine, tool0;
MOVEL [[0.629591,-0.0371286,0.426363],[0.7071,0,0.7071,0],[0,0,0,0][0,0,0,9E+09,9E+09,9E+09]], v1000, fine, tool0;
MOVEL [[0.628581,-0.037115,0.428341],[0.7071,0,0.7071,0],[0,0,0,0][0,0,0,9E+09,9E+09,9E+09]], v1000, fine, tool0;
MOVEL [[0.627528,-0.037372,0.431129],[0.7071,0,0.7071,0],[0,0,0,0][0,0,0,9E+09,9E+09,9E+09]], v1000, fine, tool0;
MOVEL [[0.627039,-0.0379601,0.433399],[0.7071,0,0.7071,0],[0,0,0,0][0,0,0,9E+09,9E+09,9E+09]], v1000, fine, tool0;
MOVEL [[0.625555,-0.038279,0.436358],[0.7071,0,0.7071,0],[0,0,0,0][0,0,0,9E+09,9E+09,9E+09]], v1000, fine, tool0;
MOVEL [[0.624885,-0.0386013,0.438632],[0.7071,0,0.7071,0],[0,0,0,0][0,0,0,9E+09,9E+09,9E+09]], v1000, fine, tool0;
MOVEL [[0.624484,-0.03875,0.441362],[0.7071,0,0.7071,0],[0,0,0,0][0,0,0,9E+09,9E+09,9E+09]], v1000, fine, tool0;
MOVEL [[0.624571,-0.0390953,0.444086],[0.7071,0,0.7071,0],[0,0,0,0][0,0,0,9E+09,9E+09,9E+09]], v1000, fine, tool0;
MOVEL [[0.624005,-0.0390905,0.447541],[0.7071,0,0.7071,0],[0,0,0,0][0,0,0,9E+09,9E+09,9E+09]], v1000, fine, tool0;
MOVEL [[0.623437,-0.0392636,0.448671],[0.7071,0,0.7071,0],[0,0,0,0][0,0,0,9E+09,9E+09,9E+09]], v1000, fine, tool0;
MOVEL [[0.622689,-0.0392828,0.451523],[0.7071,0,0.7071,0],[0,0,0,0][0,0,0,9E+09,9E+09,9E+09]], v1000, fine, tool0;
MOVEL [[0.622258,-0.0392258,0.454057],[0.7071,0,0.7071,0],[0,0,0,0][0,0,0,9E+09,9E+09,9E+09]], v1000, fine, tool0;
MOVEL [[0.622217,-0.0391219,0.45637],[0.7071,0,0.7071,0],[0,0,0,0][0,0,0,9E+09,9E+09,9E+09]], v1000, fine, tool0;
MOVEL [[0.621396,-0.0393005,0.458302],[0.7071,0,0.7071,0],[0,0,0,0][0,0,0,9E+09,9E+09,9E+09]], v1000, fine, tool0;
MOVEL [[0.621739,-0.0399792,0.460904],[0.7071,0,0.7071,0],[0,0,0,0][0,0,0,9E+09,9E+09,9E+09]], v1000, fine, tool0;
MOVEL [[0.622696,-0.0399523,0.462652],[0.7071,0,0.7071,0],[0,0,0,0][0,0,0,9E+09,9E+09,9E+09]], v1000, fine, tool0;
MOVEL [[0.622317,-0.0403966,0.46613],[0.7071,0,0.7071,0],[0,0,0,0][0,0,0,9E+09,9E+09,9E+09]], v1000, fine, tool0;
MOVEL [[0.621295,-0.0406251,0.468494],[0.7071,0,0.7071,0],[0,0,0,0][0,0,0,9E+09,9E+09,9E+09]], v1000, fine, tool0;
MOVEL [[0.620342,-0.0407197,0.472101],[0.7071,0,0.7071,0],[0,0,0,0][0,0,0,9E+09,9E+09,9E+09]], v1000, fine, tool0;
MOVEL [[0.620228,-0.0403593,0.473944],[0.7071,0,0.7071,0],[0,0,0,0][0,0,0,9E+09,9E+09,9E+09]], v1000, fine, tool0;
MOVEL [[0.619518,-0.0401859,0.477664],[0.7071,0,0.7071,0],[0,0,0,0][0,0,0,9E+09,9E+09,9E+09]], v1000, fine, tool0;
MOVEL [[0.618936,-0.0402647,0.479159],[0.7071,0,0.7071,0],[0,0,0,0][0,0,0,9E+09,9E+09,9E+09]], v1000, fine, tool0;
MOVEL [[0.617777,-0.0407875,0.482807],[0.7071,0,0.7071,0],[0,0,0,0][0,0,0,9E+09,9E+09,9E+09]], v1000, fine, tool0;
MOVEL [[0.617619,-0.0404812,0.48542],[0.7071,0,0.7071,0],[0,0,0,0][0,0,0,9E+09,9E+09,9E+09]], v1000, fine, tool0;
MOVEL [[0.618189,-0.0398262,0.488342],[0.7071,0,0.7071,0],[0,0,0,0][0,0,0,9E+09,9E+09,9E+09]], v1000, fine, tool0;
MOVEL [[0.617422,-0.0399122,0.490598],[0.7071,0,0.7071,0],[0,0,0,0][0,0,0,9E+09,9E+09,9E+09]], v1000, fine, tool0;
MOVEL [[0.616893,-0.039249,0.493762],[0.7071,0,0.7071,0],[0,0,0,0][0,0,0,9E+09,9E+09,9E+09]], v1000, fine, tool0;
MOVEL [[0.61711,-0.0387952,0.495919],[0.7071,0,0.7071,0],[0,0,0,0][0,0,0,9E+09,9E+09,9E+09]], v1000, fine, tool0;
MOVEL [[0.616987,-0.0383222,0.499646],[0.7071,0,0.7071,0],[0,0,0,0][0,0,0,9E+09,9E+09,9E+09]], v1000, fine, tool0;
MOVEL [[0.61612,-0.0381982,0.502656],[0.7071,0,0.7071,0],[0,0,0,0][0,0,0,9E+09,9E+09,9E+09]], v1000, fine, tool0;
MOVEL [[0.61664,-0.0371382,0.506518],[0.7071,0,0.7071,0],[0,0,0,0][0,0,0,9E+09,9E+09,9E+09]], v1000, fine, tool0;
MOVEL [[0.617694,-0.0370455,0.510049],[0.7071,0,0.7071,0],[0,0,0,0][0,0,0,9E+09,9E+09,9E+09]], v1000, fine, tool0;
MOVEL [[0.618155,-0.0368769,0.513954],[0.7071,0,0.7071,0],[0,0,0,0][0,0,0,9E+09,9E+09,9E+09]], v1000, fine, tool0;
MOVEL [[0.617785,-0.0367826,0.51544],[0.7071,0,0.7071,0],[0,0,0,0][0,0,0,9E+09,9E+09,9E+09]], v1000, fine, tool0;
MOVEL [[0.618523,-0.0357075,0.520043],[0.7071,0,0.7071,0],[0,0,0,0][0,0,0,9E+09,9E+09,9E+09]], v1000, fine, tool0;
MOVEL [[0.618561,-0.0352064,0.524739],[0.7071,0,0.7071,0],[0,0,0,0][0,0,0,9E+09,9E+09,9E+09]], v1000, fine, tool0;
MOVEL [[0.618866,-0.0348533,0.527658],[0.7071,0,0.7071,0],[0,0,0,0][0,0,0,9E+09,9E+09,9E+09]], v1000, fine, tool0;
MOVEL [[0.618367,-0.0345278,0.531275],[0.7071,0,0.7071,0],[0,0,0,0][0,0,0,9E+09,9E+09,9E+09]], v1000, fine, tool0;
MOVEL [[0.618799,-0.0334883,0.533116],[0.7071,0,0.7071,0],[0,0,0,0][0,0,0,9E+09,9E+09,9E+09]], v1000, fine, tool0;
MOVEL [[0.619156,-0.0329807,0.535096],[0.7071,0,0.7071,0],[0,0,0,0][0,0,0,9E+09,9E+09,9E+09]], v1000, fine, tool0;
MOVEL [[0.619373,-0.0321285,0.538481],[0.7071,0,0.7071,0],[0,0,0,0][0,0,0,9E+09,9E+09,9E+09]], v1000, fine, tool0;
MOVEL [[0.619441,-0.0309208,0.541936],[0.7071,0,0.7071,0],[0,0,0,0][0,0,0,9E+09,9E+09,9E+09]], v1000, fine, tool0;
MOVEL [[0.619287,-0.0305813,0.544286],[0.7071,0,0.7071,0],[0,0,0,0][0,0,0,9E+09,9E+09,9E+09]], v1000, fine, tool0;
MOVEL [[0.619757,-0.0297856,0.546331],[0.7071,0,0.7071,0],[0,0,0,0][0,0,0,9E+09,9E+09,9E+09]], v1000, fine, tool0;
MOVEL [[0.620283,-0.0287841,0.549541],[0.7071,0,0.7071,0],[0,0,0,0][0,0,0,9E+09,9E+09,9E+09]], v1000, fine, tool0;
MOVEL [[0.620154,-0.0285735,0.550838],[0.7071,0,0.7071,0],[0,0,0,0][0,0,0,9E+09,9E+09,9E+09]], v1000, fine, tool0;
MOVEL [[0.620061,-0.0281378,0.55338],[0.7071,0,0.7071,0],[0,0,0,0][0,0,0,9E+09,9E+09,9E+09]], v1000, fine, tool0;
MOVEL [[0.620286,-0.0274552,0.555351],[0.7071,0,0.7071,0],[0,0,0,0][0,0,0,9E+09,9E+09,9E+09]], v1000, fine, tool0;
MOVEL [[0.620288,-0.0264905,0.557275],[0.7071,0,0.7071,0],[0,0,0,0][0,0,0,9E+09,9E+09,9E+09]], v1000, fine, tool0;
MOVEL [[0.620005,-0.0257363,0.558586],[0.7071,0,0.7071,0],[0,0,0,0][0,0,0,9E+09,9E+09,9E+09]], v1000, fine, tool0;
MOVEL [[0.619835,-0.0253362,0.560381],[0.7071,0,0.7071,0],[0,0,0,0][0,0,0,9E+09,9E+09,9E+09]], v1000, fine, tool0;
MOVEL [[0.619779,-0.0253635,0.560118],[0.7071,0,0.7071,0],[0,0,0,0][0,0,0,9E+09,9E+09,9E+09]], v1000, fine, tool0;
MOVEL [[0.619958,-0.0248661,0.560794],[0.7071,0,0.7071,0],[0,0,0,0][0,0,0,9E+09,9E+09,9E+09]], v1000, fine, tool0;
MOVEL [[0.619815,-0.0246499,0.559925],[0.7071,0,0.7071,0],[0,0,0,0][0,0,0,9E+09,9E+09,9E+09]], v1000, fine, tool0;
MOVEL [[0.619686,-0.024292,0.561296],[0.7071,0,0.7071,0],[0,0,0,0][0,0,0,9E+09,9E+09,9E+09]], v1000, fine, tool0;
MOVEL [[0.61998,-0.0230549,0.559874],[0.7071,0,0.7071,0],[0,0,0,0][0,0,0,9E+09,9E+09,9E+09]], v1000, fine, tool0;
MOVEL [[0.619495,-0.023456,0.55933],[0.7071,0,0.7071,0],[0,0,0,0][0,0,0,9E+09,9E+09,9E+09]], v1000, fine, tool0;
MOVEL [[0.618937,-0.0237117,0.558376],[0.7071,0,0.7071,0],[0,0,0,0][0,0,0,9E+09,9E+09,9E+09]], v1000, fine, tool0;
MOVEL [[0.618756,-0.0234224,0.559009],[0.7071,0,0.7071,0],[0,0,0,0][0,0,0,9E+09,9E+09,9E+09]], v1000, fine, tool0;
MOVEL [[0.618301,-0.0234871,0.55845],[0.7071,0,0.7071,0],[0,0,0,0][0,0,0,9E+09,9E+09,9E+09]], v1000, fine, tool0;
MOVEL [[0.617844,-0.0240308,0.557231],[0.7071,0,0.7071,0],[0,0,0,0][0,0,0,9E+09,9E+09,9E+09]], v1000, fine, tool0;
MOVEL [[0.618064,-0.0237016,0.55609],[0.7071,0,0.7071,0],[0,0,0,0][0,0,0,9E+09,9E+09,9E+09]], v1000, fine, tool0;
MOVEL [[0.617721,-0.0233426,0.556455],[0.7071,0,0.7071,0],[0,0,0,0][0,0,0,9E+09,9E+09,9E+09]], v1000, fine, tool0;
MOVEL [[0.6185,-0.023909,0.554679],[0.7071,0,0.7071,0],[0,0,0,0][0,0,0,9E+09,9E+09,9E+09]], v1000, fine, tool0;
MOVEL [[0.618659,-0.0247981,0.553794],[0.7071,0,0.7071,0],[0,0,0,0][0,0,0,9E+09,9E+09,9E+09]], v1000, fine, tool0;
MOVEL [[0.619252,-0.0259061,0.553073],[0.7071,0,0.7071,0],[0,0,0,0][0,0,0,9E+09,9E+09,9E+09]], v1000, fine, tool0;
MOVEL [[0.619037,-0.0257628,0.5531],[0.7071,0,0.7071,0],[0,0,0,0][0,0,0,9E+09,9E+09,9E+09]], v1000, fine, tool0;
MOVEL [[0.619729,-0.0265002,0.552377],[0.7071,0,0.7071,0],[0,0,0,0][0,0,0,9E+09,9E+09,9E+09]], v1000, fine, tool0;
MOVEL [[0.619807,-0.0275942,0.551553],[0.7071,0,0.7071,0],[0,0,0,0][0,0,0,9E+09,9E+09,9E+09]], v1000, fine, tool0;
MOVEL [[0.619878,-0.0282317,0.551239],[0.7071,0,0.7071,0],[0,0,0,0][0,0,0,9E+09,9E+09,9E+09]], v1000, fine, tool0;
MOVEL [[0.61982,-0.0282168,0.551218],[0.7071,0,0.7071,0],[0,0,0,0][0,0,0,9E+09,9E+09,9E+09]], v1000, fine, tool0;
MOVEL [[0.620088,-0.0288667,0.551134],[0.7071,0,0.7071,0],[0,0,0,0][0,0,0,9E+09,9E+09,9E+09]], v1000, fine, tool0;
MOVEL [[0.620389,-0.0297883,0.550664],[0.7071,0,0.7071,0],[0,0,0,0][0,0,0,9E+09,9E+09,9E+09]], v1000, fine, tool0;
MOVEL [[0.620592,-0.0304361,0.550534],[0.7071,0,0.7071,0],[0,0,0,0][0,0,0,9E+09,9E+09,9E+09]], v1000, fine, tool0;
MOVEL [[0.620365,-0.0305611,0.550387],[0.7071,0,0.7071,0],[0,0,0,0][0,0,0,9E+09,9E+09,9E+09]], v1000, fine, tool0;
MOVEL [[0.620833,-0.0311264,0.550126],[0.7071,0,0.7071,0],[0,0,0,0][0,0,0,9E+09,9E+09,9E+09]], v1000, fine, tool0;
MOVEL [[0.620911,-0.0312463,0.54973],[0.7071,0,0.7071,0],[0,0,0,0][0,0,0,9E+09,9E+09,9E+09]], v1000, fine, tool0;
MOVEL [[0.621406,-0.0311079,0.548946],[0.7071,0,0.7071,0],[0,0,0,0][0,0,0,9E+09,9E+09,9E+09]], v1000, fine, tool0;
MOVEL [[0.62129,-0.031179,0.548985],[0.7071,0,0.7071,0],[0,0,0,0][0,0,0,9E+09,9E+09,9E+09]], v1000, fine, tool0;
MOVEL [[0.621512,-0.0313009,0.548319],[0.7071,0,0.7071,0],[0,0,0,0][0,0,0,9E+09,9E+09,9E+09]], v1000, fine, tool0;
MOVEL [[0.622177,-0.0314121,0.547903],[0.7071,0,0.7071,0],[0,0,0,0][0,0,0,9E+09,9E+09,9E+09]], v1000, fine, tool0;
MOVEL [[0.622577,-0.0312849,0.547643],[0.7071,0,0.7071,0],[0,0,0,0][0,0,0,9E+09,9E+09,9E+09]], v1000, fine, tool0;
MOVEL [[0.622547,-0.0313292,0.547445],[0.7071,0,0.7071,0],[0,0,0,0][0,0,0,9E+09,9E+09,9E+09]], v1000, fine, tool0;
MOVEL [[0.623275,-0.0314011,0.546895],[0.7071,0,0.7071,0],[0,0,0,0][0,0,0,9E+09,9E+09,9E+09]], v1000, fine, tool0;
MOVEL [[0.623806,-0.0308006,0.54605],[0.7071,0,0.7071,0],[0,0,0,0][0,0,0,9E+09,9E+09,9E+09]], v1000, fine, tool0;
MOVEL [[0.624035,-0.0302572,0.544984],[0.7071,0,0.7071,0],[0,0,0,0][0,0,0,9E+09,9E+09,9E+09]], v1000, fine, tool0;
MOVEL [[0.624011,-0.0301672,0.544597],[0.7071,0,0.7071,0],[0,0,0,0][0,0,0,9E+09,9E+09,9E+09]], v1000, fine, tool0;
MOVEL [[0.623964,-0.0295114,0.543917],[0.7071,0,0.7071,0],[0,0,0,0][0,0,0,9E+09,9E+09,9E+09]], v1000, fine, tool0;
MOVEL [[0.624148,-0.0290708,0.543689],[0.7071,0,0.7071,0],[0,0,0,0][0,0,0,9E+09,9E+09,9E+09]], v1000, fine, tool0;
MOVEL [[0.624209,-0.0287074,0.543455],[0.7071,0,0.7071,0],[0,0,0,0][0,0,0,9E+09,9E+09,9E+09]], v1000, fine, tool0;
MOVEL [[0.624738,-0.0281856,0.543316],[0.7071,0,0.7071,0],[0,0,0,0][0,0,0,9E+09,9E+09,9E+09]], v1000, fine, tool0;
MOVEL [[0.624722,-0.0280242,0.543052],[0.7071,0,0.7071,0],[0,0,0,0][0,0,0,9E+09,9E+09,9E+09]], v1000, fine, tool0;
MOVEL [[0.625509,-0.0273511,0.542683],[0.7071,0,0.7071,0],[0,0,0,0][0,0,0,9E+09,9E+09,9E+09]], v1000, fine, tool0;
MOVEL [[0.625917,-0.026909,0.543193],[0.7071,0,0.7071,0],[0,0,0,0][0,0,0,9E+09,9E+09,9E+09]], v1000, fine, tool0;
MOVEL [[0.626394,-0.0263619,0.543119],[0.7071,0,0.7071,0],[0,0,0,0][0,0,0,9E+09,9E+09,9E+09]], v1000, fine, tool0;
MOVEL [[0.626477,-0.0259998,0.542836],[0.7071,0,0.7071,0],[0,0,0,0][0,0,0,9E+09,9E+09,9E+09]], v1000, fine, tool0;
MOVEL [[0.628126,-0.0257037,0.543389],[0.7071,0,0.7071,0],[0,0,0,0][0,0,0,9E+09,9E+09,9E+09]], v1000, fine, tool0;
MOVEL [[0.629125,-0.0256466,0.543534],[0.7071,0,0.7071,0],[0,0,0,0][0,0,0,9E+09,9E+09,9E+09]], v1000, fine, tool0;
MOVEL [[0.629945,-0.0252711,0.543863],[0.7071,0,0.7071,0],[0,0,0,0][0,0,0,9E+09,9E+09,9E+09]], v1000, fine, tool0;
MOVEL [[0.630011,-0.0251132,0.543789],[0.7071,0,0.7071,0],[0,0,0,0][0,0,0,9E+09,9E+09,9E+09]], v1000, fine, tool0;
MOVEL [[0.630858,-0.0251624,0.544192],[0.7071,0,0.7071,0],[0,0,0,0][0,0,0,9E+09,9E+09,9E+09]], v1000, fine, tool0;
MOVEL [[0.631689,-0.0250474,0.544266],[0.7071,0,0.7071,0],[0,0,0,0][0,0,0,9E+09,9E+09,9E+09]], v1000, fine, tool0;
MOVEL [[0.631749,-0.0249069,0.544226],[0.7071,0,0.7071,0],[0,0,0,0][0,0,0,9E+09,9E+09,9E+09]], v1000, fine, tool0;
MOVEL [[0.63196,-0.0246645,0.544485],[0.7071,0,0.7071,0],[0,0,0,0][0,0,0,9E+09,9E+09,9E+09]], v1000, fine, tool0;
MOVEL [[0.632069,-0.0246398,0.544537],[0.7071,0,0.7071,0],[0,0,0,0][0,0,0,9E+09,9E+09,9E+09]], v1000, fine, tool0;
MOVEL [[0.632063,-0.0247288,0.544589],[0.7071,0,0.7071,0],[0,0,0,0][0,0,0,9E+09,9E+09,9E+09]], v1000, fine, tool0;
MOVEL [[0.632142,-0.0245408,0.544555],[0.7071,0,0.7071,0],[0,0,0,0][0,0,0,9E+09,9E+09,9E+09]], v1000, fine, tool0;
MOVEL [[0.632075,-0.0241746,0.544757],[0.7071,0,0.7071,0],[0,0,0,0][0,0,0,9E+09,9E+09,9E+09]], v1000, fine, tool0;
MOVEL [[0.632217,-0.0240575,0.544575],[0.7071,0,0.7071,0],[0,0,0,0][0,0,0,9E+09,9E+09,9E+09]], v1000, fine, tool0;
MOVEL [[0.632196,-0.023757,0.544151],[0.7071,0,0.7071,0],[0,0,0,0][0,0,0,9E+09,9E+09,9E+09]], v1000, fine, tool0;
MOVEL [[0.632217,-0.0236631,0.544131],[0.7071,0,0.7071,0],[0,0,0,0][0,0,0,9E+09,9E+09,9E+09]], v1000, fine, tool0;
MOVEL [[0.632049,-0.0232486,0.543886],[0.7071,0,0.7071,0],[0,0,0,0][0,0,0,9E+09,9E+09,9E+09]], v1000, fine, tool0;
MOVEL [[0.632064,-0.0230285,0.54347],[0.7071,0,0.7071,0],[0,0,0,0][0,0,0,9E+09,9E+09,9E+09]], v1000, fine, tool0;
MOVEL [[0.63222,-0.0227097,0.543154],[0.7071,0,0.7071,0],[0,0,0,0][0,0,0,9E+09,9E+09,9E+09]], v1000, fine, tool0;
MOVEL [[0.632242,-0.0225118,0.543093],[0.7071,0,0.7071,0],[0,0,0,0][0,0,0,9E+09,9E+09,9E+09]], v1000, fine, tool0;
MOVEL [[0.632038,-0.0222156,0.542769],[0.7071,0,0.7071,0],[0,0,0,0][0,0,0,9E+09,9E+09,9E+09]], v1000, fine, tool0;
MOVEL [[0.631806,-0.0218116,0.542418],[0.7071,0,0.7071,0],[0,0,0,0][0,0,0,9E+09,9E+09,9E+09]], v1000, fine, tool0;
MOVEL [[0.631576,-0.0212249,0.542196],[0.7071,0,0.7071,0],[0,0,0,0][0,0,0,9E+09,9E+09,9E+09]], v1000, fine, tool0;
MOVEL [[0.631561,-0.0210183,0.542096],[0.7071,0,0.7071,0],[0,0,0,0][0,0,0,9E+09,9E+09,9E+09]], v1000, fine, tool0;
MOVEL [[0.631136,-0.0205149,0.542099],[0.7071,0,0.7071,0],[0,0,0,0][0,0,0,9E+09,9E+09,9E+09]], v1000, fine, tool0;
MOVEL [[0.631171,-0.02027,0.542172],[0.7071,0,0.7071,0],[0,0,0,0][0,0,0,9E+09,9E+09,9E+09]], v1000, fine, tool0;
MOVEL [[0.630998,-0.0196251,0.542093],[0.7071,0,0.7071,0],[0,0,0,0][0,0,0,9E+09,9E+09,9E+09]], v1000, fine, tool0;
MOVEL [[0.631012,-0.0191114,0.542195],[0.7071,0,0.7071,0],[0,0,0,0][0,0,0,9E+09,9E+09,9E+09]], v1000, fine, tool0;
MOVEL [[0.63099,-0.0188602,0.542123],[0.7071,0,0.7071,0],[0,0,0,0][0,0,0,9E+09,9E+09,9E+09]], v1000, fine, tool0;
MOVEL [[0.630677,-0.0182551,0.542224],[0.7071,0,0.7071,0],[0,0,0,0][0,0,0,9E+09,9E+09,9E+09]], v1000, fine, tool0;
END
PROCENDMODULE
