HL_x,HL_y,HL_z
0.599579,0.562301,0.492786
0.598878,0.562642,0.493055
0.598205,0.562822,0.493214
0.597758,0.562763,0.493211
0.597043,0.562841,0.493084
0.595522,0.562706,0.493497
0.593561,0.561524,0.493477
0.592824,0.561372,0.493274
0.592428,0.561414,0.493144
0.592083,0.561836,0.492993
0.591613,0.562139,0.492662
0.591421,0.562221,0.492404
0.5909,0.562231,0.492157
0.590269,0.561807,0.491653
0.589606,0.561312,0.49108
0.589071,0.561317,0.490744
0.588593,0.561288,0.490467
0.588572,0.561382,0.490141
0.588007,0.561412,0.489739
0.587523,0.561477,0.489015
0.587295,0.561476,0.488853
0.586587,0.561583,0.487748
0.586008,0.56175,0.486399
0.58593,0.561955,0.485179
0.585503,0.562011,0.484691
0.585728,0.56182,0.483687
0.586012,0.562424,0.482726
0.585601,0.562653,0.481405
0.5854,0.562681,0.481103
0.58494,0.563107,0.478886
0.585588,0.563242,0.476533
0.586556,0.563637,0.473952
0.586229,0.563689,0.472915
0.586039,0.563736,0.47091
0.585833,0.563531,0.468722
0.58579,0.563253,0.467516
0.585493,0.563312,0.466123
0.585103,0.563113,0.463069
0.58495,0.56314,0.461991
0.584071,0.563292,0.459866
0.583991,0.563316,0.459159
0.582909,0.563253,0.453314
0.58285,0.563263,0.451652
0.582406,0.562889,0.449269
0.582142,0.563033,0.446627
0.582136,0.563036,0.445414
0.581809,0.56289,0.443775
0.582057,0.562705,0.441304
0.58213,0.562684,0.439205
0.582546,0.563378,0.436129
0.582988,0.563829,0.434175
0.583159,0.563867,0.432044
0.583246,0.563915,0.43097
0.583516,0.563962,0.428357
0.583728,0.564818,0.425808
0.584648,0.565213,0.42238
0.585124,0.565756,0.419165
0.585259,0.565844,0.4179
0.585254,0.566123,0.414407
0.584554,0.565952,0.411768
0.584298,0.567177,0.40758
0.584587,0.567443,0.404805
0.584283,0.568119,0.403013
0.584334,0.568313,0.400016
0.584568,0.568499,0.396996
0.58473,0.568651,0.395265
0.585172,0.569106,0.391784
0.58575,0.5691,0.387928
0.585558,0.569241,0.385987
0.586034,0.569545,0.382964
0.585764,0.569384,0.381274
0.5861,0.569053,0.376591
0.586317,0.569205,0.373944
0.586749,0.56947,0.370858
0.587182,0.56965,0.36753
0.58741,0.569612,0.365316
0.588017,0.569754,0.362441
0.588655,0.570057,0.358201
0.588685,0.570701,0.354956
0.588715,0.571085,0.351024
0.58871,0.571901,0.347945
0.588942,0.572055,0.341656
0.589197,0.572243,0.339871
0.589343,0.571239,0.336707
0.590136,0.570553,0.331162
0.590427,0.570461,0.327462
0.591296,0.570617,0.323449
0.591198,0.570942,0.321434
0.591355,0.571659,0.317492
0.591519,0.572137,0.313847
0.592088,0.57294,0.31044
0.592634,0.573113,0.307132
0.592931,0.573277,0.304904
0.593469,0.573264,0.301195
0.594075,0.573403,0.297785
0.59439,0.573334,0.294798
0.594855,0.573299,0.291554
0.595023,0.573568,0.287721
0.595335,0.573625,0.28591
0.595016,0.573642,0.28207
0.594635,0.573248,0.278808
0.59501,0.573555,0.274564
0.595736,0.573623,0.271213
0.595713,0.573838,0.266974
0.595681,0.573949,0.26455
0.595937,0.574818,0.260836
0.596394,0.574876,0.258715
0.597194,0.575636,0.255391
0.597767,0.576079,0.252262
0.598243,0.576176,0.248851
0.598543,0.576231,0.247222
0.599134,0.576848,0.24373
0.598806,0.5767,0.242383
0.599303,0.576378,0.238512
0.59971,0.576453,0.236242
0.599576,0.576592,0.234348
0.600011,0.576664,0.232299
0.600411,0.576337,0.229218
0.600695,0.576389,0.227803
0.601254,0.576269,0.22405
0.601154,0.576362,0.222185
0.600626,0.57659,0.220488
0.60051,0.576475,0.21705
0.600934,0.576544,0.214989
0.600224,0.576335,0.21285
0.59938,0.576586,0.209423
0.599245,0.576502,0.205939
0.59939,0.57653,0.204867
0.599823,0.576714,0.202652
0.59984,0.577545,0.200564
0.600187,0.577401,0.198211
0.600358,0.577434,0.197133
0.600514,0.576941,0.194566
0.600777,0.577088,0.19158
0.600481,0.576997,0.189779
0.600761,0.576928,0.187609
0.600932,0.576955,0.186314
0.600816,0.576886,0.183568
0.600969,0.577015,0.181403
0.601241,0.577082,0.179261
0.601072,0.576667,0.178117
0.601568,0.576987,0.174413
0.602098,0.577325,0.171765
0.601568,0.577752,0.170621
0.602015,0.577932,0.16784
0.601515,0.578405,0.165626
0.601132,0.578744,0.163985
0.601164,0.579257,0.161065
0.601275,0.579361,0.160065
0.602249,0.580048,0.157162
0.602847,0.580042,0.155296
0.603787,0.580617,0.153674
0.604069,0.580838,0.151959
0.605016,0.580523,0.150665
0.605965,0.580269,0.149134
0.606356,0.58106,0.147139
0.606487,0.581348,0.145042
0.606719,0.581475,0.144094
0.607528,0.581224,0.142288
0.608093,0.58099,0.141385
0.609197,0.581182,0.139016
0.609247,0.580845,0.1378
0.60957,0.580957,0.136935
0.609208,0.57989,0.136699
0.609494,0.579952,0.135871
0.609323,0.579328,0.135172
0.608716,0.578805,0.135334
0.608424,0.578387,0.134282
0.608644,0.57836,0.133257
0.608919,0.577756,0.133539
0.609116,0.577113,0.132743
0.608811,0.576746,0.132567
0.608934,0.576703,0.13209
0.609143,0.576271,0.131914
0.608877,0.575647,0.132052
0.608782,0.575027,0.131993
0.608918,0.574921,0.131467
0.608816,0.57494,0.13184
0.608501,0.574973,0.131545
0.608038,0.574918,0.131526
0.607692,0.574637,0.131238
0.606912,0.573555,0.131334
0.606976,0.573496,0.13111
0.606748,0.572303,0.13128
0.607027,0.572151,0.131608
0.607185,0.572024,0.131258
0.607264,0.571763,0.131774
0.607365,0.571162,0.132537
0.60771,0.57046,0.133167
0.607859,0.570296,0.132956
0.608241,0.569434,0.13345
0.608907,0.568189,0.134379
0.609269,0.567633,0.134886
0.609537,0.567164,0.134737
0.609879,0.566463,0.135265
0.610506,0.565577,0.13555
0.611072,0.564525,0.135679
0.611312,0.564135,0.135608
0.611721,0.561851,0.136592
0.612255,0.559139,0.137309
0.612841,0.557894,0.137039
0.61343,0.556626,0.137104
0.61391,0.553915,0.137471
0.613769,0.552408,0.137356
0.614051,0.551158,0.13726
0.614352,0.548942,0.137572
0.614701,0.547926,0.137629
0.615085,0.545878,0.137927
0.615083,0.544104,0.138108
0.615867,0.541318,0.138357
0.616417,0.539586,0.138467
0.617092,0.537996,0.138368
0.617607,0.536506,0.138614
0.618285,0.534956,0.138324
0.618831,0.533491,0.138348
0.619608,0.531679,0.138433
0.620618,0.529504,0.138382
0.62108,0.527771,0.138257
0.621549,0.526639,0.138282
0.62154,0.52471,0.13791
0.621128,0.523435,0.137497
0.622196,0.519606,0.137011
0.622355,0.518371,0.136622
0.622521,0.517972,0.136631
0.623394,0.515177,0.136563
0.623699,0.5145,0.136564
0.624069,0.51253,0.136544
0.624418,0.511752,0.136563
0.624346,0.510288,0.136168
0.62488,0.508262,0.135379
0.62548,0.507009,0.135432
0.62607,0.504294,0.134854
0.626301,0.503514,0.134617
0.626938,0.501665,0.134133
0.627753,0.499775,0.134069
0.627966,0.498486,0.13389
0.628403,0.495802,0.133008
0.628548,0.492135,0.132902
0.629226,0.490133,0.132764
0.629647,0.487064,0.13275
0.62969,0.485326,0.132426
0.630326,0.483328,0.131949
0.630707,0.482254,0.131881
0.630712,0.478996,0.131253
0.630013,0.476971,0.130656
0.630331,0.473266,0.129954
0.630239,0.470055,0.130046
0.63085,0.468393,0.130014
0.63025,0.466202,0.129576
0.630888,0.463151,0.129473
0.631177,0.462386,0.129462
0.631415,0.45847,0.130105
0.630992,0.455978,0.130484
0.630793,0.45336,0.130611
0.631123,0.450791,0.130245
0.631589,0.449376,0.130313
0.631513,0.44698,0.129494
0.631334,0.444938,0.129135
0.631348,0.441985,0.129401
0.632021,0.439887,0.129488
0.631338,0.43707,0.129723
0.630884,0.434312,0.129023
0.629698,0.431591,0.128761
0.63016,0.429973,0.128872
0.630314,0.428585,0.129108
0.630265,0.426172,0.129308
0.629978,0.424205,0.129426
0.630551,0.421591,0.129522
0.62997,0.418934,0.129601
0.629484,0.416625,0.129382
0.628725,0.414497,0.129053
0.628707,0.41178,0.129246
0.628887,0.41063,0.129324
0.628626,0.406406,0.129734
0.628135,0.403448,0.129461
0.627645,0.401906,0.128732
0.627178,0.396291,0.128267
0.627276,0.39486,0.128389
0.627281,0.391524,0.128124
0.627543,0.389025,0.128236
0.627622,0.384977,0.127975
0.627881,0.382958,0.128094
0.627135,0.380061,0.127807
0.627331,0.378699,0.127916
0.627073,0.373899,0.127855
0.627213,0.371418,0.127864
0.626897,0.369293,0.12771
0.627126,0.365631,0.12711
0.627563,0.362771,0.127389
0.627834,0.359833,0.127017
0.627839,0.357291,0.127416
0.628118,0.354608,0.127377
0.62829,0.353344,0.1275
0.628621,0.350953,0.127855
0.629367,0.348373,0.12839
0.629958,0.345614,0.129392
0.63016,0.34421,0.129573
0.630677,0.340103,0.130488
0.631325,0.337825,0.131311
0.631555,0.336268,0.131055
0.631868,0.334212,0.131409
0.633129,0.331721,0.132054
0.633293,0.329952,0.13233
0.634367,0.327271,0.132692
0.634564,0.326526,0.132886
0.636026,0.322944,0.133745
0.636538,0.320643,0.133776
0.637786,0.317744,0.134792
0.638415,0.315879,0.135259
0.639164,0.312448,0.135614
0.639431,0.310072,0.135267
0.640218,0.307738,0.134802
0.641225,0.304401,0.135177
0.642343,0.301981,0.135579
0.64248,0.299052,0.135266
0.642865,0.29693,0.135082
0.643381,0.295707,0.135276
0.644601,0.292746,0.136488
0.645797,0.29016,0.137528
0.646829,0.287537,0.137535
0.648302,0.284044,0.137606
0.649273,0.282044,0.13809
0.64981,0.278802,0.139042
0.65049,0.276081,0.139529
0.650652,0.274172,0.139874
0.651739,0.271747,0.140506
0.652307,0.269058,0.1409
0.652846,0.267317,0.140442
0.653442,0.264161,0.139497
0.653973,0.263032,0.139792
0.654288,0.261344,0.13936
0.654708,0.25962,0.139493
0.654582,0.259647,0.139403
0.655472,0.257498,0.139972
0.655342,0.257694,0.139475
0.656314,0.256732,0.139026
0.657235,0.256399,0.138902
0.658174,0.256059,0.138406
0.658949,0.254722,0.13867
0.659487,0.255488,0.138808
0.659903,0.256004,0.138563
0.659959,0.256712,0.138457
0.660304,0.256248,0.13851
0.659533,0.256928,0.138154
0.658989,0.257539,0.137716
0.659289,0.257192,0.13784
0.659041,0.257792,0.137657
0.65873,0.258449,0.137555
0.65826,0.259095,0.13775
0.658248,0.259503,0.137788
0.658363,0.259467,0.137849
0.658417,0.259997,0.138201
0.65811,0.260522,0.138581
0.657609,0.260724,0.13947
0.657714,0.260842,0.139659
0.65693,0.26089,0.140869
0.657079,0.261213,0.142564
0.656922,0.261476,0.144302
0.656948,0.261587,0.144731
0.656534,0.261756,0.145957
0.655618,0.261388,0.148086
0.655212,0.26156,0.150063
0.654253,0.262049,0.152709
0.654088,0.262125,0.153529
0.653244,0.261644,0.156946
0.65294,0.261195,0.159411
0.652541,0.261091,0.161259
0.652796,0.260898,0.16457
0.652645,0.260128,0.166768
0.651972,0.260666,0.170701
0.651946,0.260712,0.173023
0.651798,0.260644,0.173898
0.651174,0.260026,0.17714
0.650171,0.259774,0.1804
0.649353,0.26007,0.182838
0.648736,0.259897,0.185641
0.64872,0.260008,0.188104
0.648273,0.259873,0.191517
0.64776,0.260267,0.194819
0.647378,0.260224,0.197127
0.646272,0.26092,0.201397
0.646172,0.260893,0.204185
0.645119,0.261433,0.206886
0.644387,0.261394,0.210473
0.643437,0.262603,0.213288
0.642814,0.263906,0.218044
0.643053,0.265369,0.221457
0.642245,0.265546,0.224361
0.642317,0.266265,0.227642
0.641573,0.267285,0.231196
0.641158,0.268391,0.235225
0.641237,0.268499,0.238223
0.640792,0.268801,0.240161
0.640087,0.269664,0.24392
0.639451,0.270254,0.246553
0.638558,0.271059,0.25036
0.638767,0.271683,0.254395
0.637926,0.272155,0.257809
0.637197,0.272536,0.261033
0.636657,0.273047,0.263494
0.635467,0.272919,0.268501
0.6349,0.272548,0.272211
0.63425,0.27285,0.276827
0.634167,0.272896,0.279549
0.633564,0.27321,0.283767
0.632825,0.273717,0.287274
0.632255,0.27346,0.291305
0.632744,0.273749,0.29406
0.63222,0.273998,0.29673
0.63291,0.274352,0.300542
0.633233,0.275212,0.303534
0.6339,0.275478,0.309502
0.633761,0.275585,0.310741
0.634468,0.276448,0.316468
0.634404,0.276444,0.320734
0.634361,0.276763,0.325684
0.634165,0.276908,0.327431
0.633475,0.27729,0.333348
0.633223,0.277322,0.335772
0.632971,0.277908,0.338519
0.632526,0.278325,0.341995
0.632171,0.27924,0.344902
0.632363,0.279329,0.348121
0.631956,0.279684,0.352316
0.631468,0.280482,0.356702
0.631036,0.280966,0.360647
0.631103,0.281875,0.363744
0.630605,0.282054,0.368769
0.629354,0.282489,0.373461
0.629044,0.282784,0.375588
0.629073,0.282337,0.377666
0.629601,0.282817,0.382672
0.62905,0.283213,0.386479
0.628607,0.283244,0.390275
0.62786,0.282959,0.393163
0.627495,0.282926,0.398574
0.627018,0.283409,0.401466
0.626738,0.283591,0.403313
0.625802,0.283827,0.407413
0.625247,0.284353,0.41152
0.624976,0.28457,0.413242
0.624663,0.284961,0.417819
0.624443,0.284664,0.421178
0.624652,0.283744,0.424143
0.624718,0.282704,0.42825
0.624362,0.282789,0.431197
0.623455,0.282837,0.434142
0.622656,0.282713,0.437379
0.622709,0.281938,0.441286
0.622383,0.281959,0.443088
0.622397,0.28083,0.450371
0.622118,0.280771,0.452021
0.622473,0.280778,0.455752
0.623542,0.280355,0.460006
0.623244,0.280236,0.462414
0.623338,0.27965,0.466677
0.623768,0.279755,0.468669
0.624605,0.280108,0.47214
0.624436,0.280817,0.476692
0.624417,0.281538,0.479022
0.623719,0.281875,0.482478
0.623434,0.281333,0.484365
0.62262,0.281305,0.48575
0.622277,0.28126,0.487053
0.621761,0.281663,0.487811
0.620981,0.281633,0.490412
0.621067,0.281426,0.490819
0.620583,0.28145,0.493344
0.620233,0.281361,0.494581
0.619623,0.281268,0.49656
0.61938,0.281334,0.497678
0.619221,0.281592,0.49873
0.619315,0.28167,0.498892
0.618659,0.282245,0.500562
0.618259,0.282393,0.501917
0.618427,0.282603,0.501384
0.618066,0.283508,0.501813
0.617342,0.285217,0.502958
0.617246,0.285289,0.503214
0.616734,0.287529,0.503875
0.616929,0.289443,0.50397
0.616947,0.292281,0.504294
0.616573,0.292985,0.505185
0.615965,0.295827,0.5042
0.61586,0.299069,0.502919
0.615053,0.302874,0.502055
0.61432,0.304766,0.502821
0.614599,0.308212,0.502733
0.614255,0.312106,0.502073
0.613029,0.316924,0.501786
0.612888,0.317471,0.501848
0.612534,0.323109,0.501461
0.6137,0.32624,0.501433
0.613789,0.331068,0.500893
0.613425,0.333,0.500989
0.61417,0.337996,0.500193
0.613227,0.343743,0.500111
0.612222,0.348104,0.500276
0.611761,0.351286,0.500384
0.611791,0.356112,0.499796
0.611532,0.360681,0.499201
0.611515,0.364378,0.49891
0.611085,0.367066,0.498869
0.610893,0.372502,0.498295
0.611433,0.376,0.498077
0.611287,0.380185,0.497533
0.611058,0.382939,0.49749
0.610621,0.386602,0.4972
0.610398,0.390491,0.497176
0.61022,0.396186,0.49742
0.610301,0.402001,0.498003
0.610557,0.404926,0.498609
0.609972,0.408932,0.498638
0.609425,0.413265,0.498717
0.609273,0.414089,0.4987
0.608949,0.419137,0.499941
0.607558,0.423482,0.500386
0.606962,0.427774,0.500386
0.606349,0.431863,0.500756
0.605651,0.434952,0.500843
0.605824,0.439217,0.50126
0.60614,0.443539,0.501877
0.606229,0.446869,0.502374
0.60585,0.448696,0.502473
0.605818,0.457204,0.504602
0.60491,0.461897,0.505098
0.605148,0.465159,0.505832
0.604529,0.46845,0.506224
0.60502,0.473445,0.506493
0.605036,0.478802,0.506304
0.605768,0.48284,0.506113
0.605359,0.486175,0.506448
0.605683,0.490657,0.506209
0.604558,0.497895,0.506341
0.60334,0.502546,0.506394
0.602728,0.507929,0.507017
0.602847,0.510702,0.506361
0.602781,0.514225,0.50621
0.603313,0.518506,0.505886
0.603171,0.521436,0.505301
0.602788,0.52472,0.505567
0.602611,0.529207,0.504896
0.602095,0.531051,0.503547
0.600577,0.533869,0.502478
0.600178,0.537893,0.502647
0.599604,0.539596,0.501469
0.599098,0.542334,0.500155
0.598672,0.545281,0.498496
0.598278,0.547858,0.498289
0.597137,0.548867,0.497284
0.595805,0.549489,0.495645
0.594661,0.552191,0.493616
0.594231,0.554135,0.493235
0.592889,0.555294,0.491902
0.592434,0.555187,0.491416
0.591392,0.556713,0.490423
0.590619,0.558557,0.489877
0.58963,0.559838,0.489039
0.589389,0.560319,0.488018
0.588355,0.56128,0.486734
0.587848,0.5624,0.486024
0.587352,0.563331,0.485558
0.586941,0.563625,0.485561
0.58609,0.564814,0.484857
0.586093,0.564929,0.485186
0.58573,0.565708,0.485344
0.585359,0.566376,0.485369
0.584387,0.566252,0.483458
0.583888,0.566945,0.483098
0.583701,0.566967,0.483391
0.583616,0.566632,0.483668
0.583174,0.566548,0.484322
0.582808,0.566772,0.48498
0.582489,0.56672,0.485715
0.582649,0.567192,0.486814
0.582109,0.56631,0.487419
0.582323,0.56539,0.488133
0.582644,0.564677,0.488839
0.582506,0.564056,0.489209
0.582006,0.563576,0.489704
0.581441,0.562645,0.49061
0.581438,0.561639,0.491729
0.581832,0.560831,0.492779
0.582338,0.560357,0.493778
0.582091,0.560294,0.493792
0.582183,0.559293,0.49468
0.582199,0.558457,0.495254
0.582875,0.557765,0.495857
0.583429,0.557239,0.496465
0.583343,0.557098,0.496509
0.583515,0.556565,0.497132
0.584197,0.555812,0.497609
0.584148,0.555612,0.497647
0.584786,0.555429,0.49777
0.585162,0.554541,0.497872
0.585972,0.553809,0.498037
0.585971,0.553726,0.49803
0.586892,0.553518,0.49833
0.588114,0.553569,0.498899
0.588149,0.553318,0.498825
0.588995,0.553068,0.499152
0.589667,0.552771,0.498966
0.590259,0.552676,0.499034
0.59036,0.552489,0.498957
0.591089,0.552597,0.49925
0.591395,0.552907,0.499281
0.591517,0.552773,0.49922
0.59212,0.552999,0.499655
0.592617,0.55307,0.500111
0.593292,0.553169,0.500037
0.593772,0.553627,0.500185
0.59393,0.553557,0.50007
0.594347,0.553827,0.500009
0.594778,0.553999,0.50019
0.594963,0.55395,0.500074
0.595317,0.554312,0.500225
0.595362,0.554487,0.500367
0.595724,0.554531,0.500617
0.596313,0.554482,0.500976
0.597091,0.554404,0.501255
0.597139,0.554396,0.50122
0.597299,0.554431,0.501262
0.59733,0.554424,0.501238
0.597784,0.554847,0.501086
0.597801,0.555001,0.500679
0.59779,0.555286,0.500176
0.597845,0.555474,0.499486
