HL_x,HL_y,HL_z
-0.696303,0.523972,-0.0679047
-0.695984,0.525141,-0.0679017
-0.695454,0.528638,-0.0672371
-0.694365,0.531936,-0.0671515
-0.694633,0.534089,-0.0666325
-0.693878,0.537842,-0.0663891
-0.693032,0.540992,-0.0661813
-0.692347,0.54323,-0.0660845
-0.692071,0.545574,-0.0655787
-0.690933,0.548539,-0.0652795
-0.690104,0.550586,-0.0647034
-0.689277,0.553481,-0.0645792
-0.688276,0.556144,-0.0641911
-0.687379,0.559447,-0.0629739
-0.686116,0.562423,-0.061811
-0.68562,0.564018,-0.0616645
-0.6842,0.567399,-0.0605044
-0.682861,0.570438,-0.0596871
-0.681253,0.573745,-0.0582912
-0.679831,0.575043,-0.0574055
-0.679015,0.577275,-0.0569867
-0.678018,0.580586,-0.0561822
-0.677595,0.582826,-0.0563041
-0.677514,0.58585,-0.0563452
-0.676438,0.588575,-0.0560416
-0.676164,0.591597,-0.0553474
-0.675863,0.594133,-0.0547454
-0.67583,0.59666,-0.054136
-0.675393,0.598024,-0.0539615
-0.675575,0.601043,-0.0536132
-0.675308,0.603693,-0.0533663
-0.675514,0.604649,-0.053629
-0.674933,0.607221,-0.0533292
-0.675062,0.609098,-0.0535818
-0.675336,0.609807,-0.0541945
-0.67584,0.610651,-0.0542291
-0.675489,0.612871,-0.0540908
-0.676022,0.613907,-0.0546072
-0.676336,0.613567,-0.0552713
-0.676207,0.612944,-0.0556916
-0.676019,0.614348,-0.0557064
-0.675916,0.613856,-0.0554562
-0.675903,0.61397,-0.0552729
-0.675765,0.613419,-0.0551662
-0.675615,0.614178,-0.0551318
-0.675287,0.613855,-0.0549811
-0.675592,0.613202,-0.0551311
-0.675888,0.612236,-0.0554439
-0.67573,0.612634,-0.0554224
-0.675944,0.612086,-0.0556668
-0.676298,0.611437,-0.0559429
-0.67678,0.610682,-0.0563008
-0.676683,0.610811,-0.056287
-0.676899,0.610456,-0.0567192
-0.676895,0.61024,-0.0567777
-0.677425,0.608924,-0.056793
-0.678061,0.608201,-0.0562607
-0.678004,0.608103,-0.0562063
-0.678436,0.607532,-0.0561274
-0.678927,0.607046,-0.0560832
-0.679037,0.60684,-0.0558728
-0.679039,0.606752,-0.0558194
-0.679861,0.606055,-0.0552924
-0.68138,0.60539,-0.0553152
-0.682292,0.604157,-0.0547237
-0.682482,0.603785,-0.0543806
-0.683193,0.602634,-0.0540423
-0.684092,0.602007,-0.0538063
-0.685488,0.601305,-0.0534803
-0.685705,0.600896,-0.0530897
-0.686375,0.600592,-0.0529593
-0.686855,0.600072,-0.0529889
-0.687099,0.599605,-0.0529362
-0.687178,0.599472,-0.0528072
-0.687279,0.599104,-0.0525898
-0.687667,0.598889,-0.0521027
-0.688159,0.5989,-0.0521396
-0.688292,0.598704,-0.0519469
-0.688843,0.598399,-0.0518205
-0.689222,0.598256,-0.051841
-0.690022,0.598383,-0.0515625
-0.690349,0.598125,-0.051238
-0.690828,0.598457,-0.0512096
-0.69127,0.598615,-0.051389
-0.692066,0.599472,-0.0514227
-0.692238,0.599382,-0.0512797
-0.692597,0.599715,-0.0512938
-0.692739,0.599928,-0.0510814
-0.693264,0.600184,-0.0510823
-0.693408,0.600138,-0.0509531
-0.69369,0.600672,-0.0506009
-0.69404,0.601326,-0.0506838
-0.694833,0.602095,-0.0505816
-0.69528,0.602674,-0.0502383
-0.695376,0.602676,-0.0501368
-0.695482,0.602882,-0.0498428
-0.695621,0.603301,-0.0493504
-0.695739,0.603321,-0.0492123
-0.695886,0.603963,-0.0485666
-0.69593,0.604346,-0.0483683
