HL_x,HL_y,HL_z
0.629931,0.542377,0.403023
0.630121,0.542634,0.402962
0.630032,0.542768,0.402878
0.630375,0.542872,0.402472
0.630534,0.543035,0.402404
0.630973,0.543243,0.402081
0.63146,0.543721,0.402008
0.631486,0.543421,0.401924
0.631708,0.543586,0.401827
0.631734,0.543527,0.401589
0.631562,0.543486,0.401496
0.63169,0.543484,0.401475
0.631798,0.543546,0.401424
0.632061,0.543353,0.401334
0.632116,0.543501,0.401402
0.632432,0.543568,0.401348
0.633063,0.543518,0.401278
0.633416,0.543489,0.401267
0.633747,0.543736,0.40123
0.633993,0.543811,0.401139
0.634248,0.543945,0.401116
0.634575,0.543994,0.401327
0.634813,0.544063,0.401262
0.635146,0.543946,0.401248
0.635328,0.54399,0.401196
0.635565,0.543965,0.401249
0.634972,0.543671,0.40155
0.634167,0.543463,0.401869
0.633194,0.543288,0.401753
0.633406,0.543333,0.401682
0.632592,0.543201,0.401364
0.632302,0.543409,0.400973
0.632555,0.543518,0.400651
0.632754,0.543557,0.400585
0.632957,0.543615,0.400171
0.63236,0.5437,0.399446
0.632422,0.544085,0.398284
0.632866,0.544156,0.398077
0.632729,0.544722,0.397107
0.632488,0.545045,0.395969
0.633195,0.545692,0.394793
0.633316,0.545723,0.394708
0.63392,0.546515,0.393247
0.634552,0.547122,0.3917
0.634721,0.547582,0.38935
0.635139,0.547707,0.388898
0.634966,0.548227,0.386649
0.635046,0.548722,0.384631
0.634859,0.549885,0.383023
0.635428,0.550109,0.382113
0.635549,0.551174,0.379454
0.636017,0.551539,0.376762
0.635777,0.551608,0.374629
0.636208,0.551808,0.3736
0.636238,0.551965,0.371327
0.63638,0.551945,0.368756
0.636471,0.552366,0.366952
0.636327,0.552683,0.365137
0.636701,0.552834,0.363935
0.6371,0.552466,0.36125
0.636784,0.552127,0.358405
0.636326,0.55235,0.355929
0.636595,0.552465,0.354299
0.636686,0.552497,0.351691
0.636793,0.552133,0.348234
0.636566,0.55183,0.346504
0.636776,0.551865,0.345445
0.637013,0.551556,0.341314
0.637494,0.551883,0.337121
0.637383,0.552222,0.334058
0.637758,0.552247,0.331881
0.637815,0.55247,0.328059
0.637504,0.552974,0.32516
0.63713,0.55326,0.321901
0.637097,0.553165,0.318202
0.637488,0.55334,0.313221
0.638071,0.553344,0.310202
0.637917,0.553158,0.307467
0.638048,0.553068,0.303792
0.638352,0.553036,0.302047
0.638408,0.553549,0.297831
0.637938,0.553679,0.294024
0.638466,0.55371,0.290929
0.638081,0.554163,0.287388
0.638058,0.554694,0.284262
0.638155,0.554821,0.280878
0.638088,0.554645,0.277056
0.638518,0.554705,0.274699
0.638946,0.554953,0.271232
0.638912,0.555033,0.266898
0.638918,0.554803,0.26442
0.639611,0.554918,0.261135
0.639475,0.554819,0.258455
0.639677,0.55489,0.255686
0.639707,0.55477,0.252698
0.640361,0.554881,0.249411
0.640505,0.55474,0.247026
0.641074,0.55462,0.242586
0.641333,0.554428,0.239086
0.641642,0.554455,0.23754
0.641923,0.554473,0.233401
0.641782,0.554717,0.229872
0.641793,0.55495,0.226764
0.642355,0.55506,0.224186
0.6426,0.554741,0.219614
0.642452,0.554512,0.216557
0.643046,0.554612,0.212386
0.643151,0.554409,0.210072
0.643728,0.554395,0.207386
0.64371,0.554957,0.204255
0.643388,0.55515,0.200277
0.643825,0.55525,0.198146
0.643231,0.554876,0.195272
0.643469,0.554735,0.1916
0.6436,0.55451,0.188752
0.643897,0.554553,0.187199
0.64418,0.554346,0.183766
0.644574,0.554166,0.180937
0.645085,0.554315,0.177272
0.644946,0.554423,0.174595
0.645258,0.554427,0.173026
0.645348,0.554051,0.169717
0.645741,0.553959,0.166279
0.645269,0.55378,0.162809
0.645536,0.553726,0.16126
0.64543,0.554284,0.157986
0.645123,0.554639,0.155975
0.64551,0.554571,0.152059
0.645931,0.554581,0.14985
0.646005,0.554354,0.147402
0.64672,0.554243,0.143399
0.646632,0.554522,0.141765
0.646982,0.554453,0.139023
0.64737,0.554468,0.136983
0.647898,0.554904,0.133867
0.647614,0.555158,0.132036
0.647966,0.555207,0.130265
0.648377,0.555611,0.127548
0.648491,0.555467,0.126199
0.648874,0.555595,0.12285
0.649251,0.555601,0.120867
0.649152,0.555849,0.119137
0.649356,0.556562,0.115522
0.649494,0.556874,0.114397
0.649765,0.556921,0.112611
0.649587,0.557218,0.11017
0.649417,0.556886,0.107269
0.649336,0.556686,0.105322
0.649141,0.556633,0.1041
0.649531,0.55675,0.10167
0.649596,0.556932,0.0993988
0.649869,0.557198,0.0975431
0.650309,0.55751,0.0959839
0.650504,0.55758,0.0941748
0.650973,0.557801,0.0910187
0.651403,0.557171,0.0901551
0.651531,0.556574,0.0889938
0.651943,0.556339,0.0851179
0.652124,0.556308,0.083898
0.651944,0.556208,0.0818831
0.651625,0.55577,0.0793198
0.651776,0.555741,0.0782783
0.651338,0.555222,0.0766591
0.651397,0.554968,0.0731049
0.651515,0.55447,0.071021
0.651735,0.554325,0.0693214
0.651659,0.55435,0.0674258
0.651405,0.554319,0.0649729
0.6509,0.554491,0.0630664
0.651141,0.554369,0.0609966
0.650748,0.554951,0.0588341
0.650644,0.555417,0.0564826
0.650685,0.555774,0.0541942
0.650882,0.555801,0.0527792
0.650893,0.556383,0.0520241
0.651037,0.557264,0.0498819
0.650949,0.557885,0.0482233
0.650938,0.558215,0.0470841
0.65104,0.558311,0.0462375
0.651308,0.558729,0.0451349
0.65147,0.558964,0.0445706
0.651798,0.559161,0.0434284
0.65195,0.559307,0.0423221
0.652286,0.55945,0.0411981
0.652385,0.55954,0.0405087
0.652268,0.559751,0.0401364
0.652316,0.5598,0.0397884
0.652207,0.560006,0.0387919
0.652197,0.560006,0.0385267
0.652162,0.559542,0.038654
0.652262,0.559647,0.0376607
0.65236,0.559239,0.0373234
0.652511,0.558769,0.0371975
0.652674,0.558365,0.0374382
0.652748,0.558365,0.0365865
0.653178,0.557471,0.0365607
0.652998,0.556279,0.0369982
0.653022,0.555571,0.0370244
0.652781,0.554725,0.0366506
0.652813,0.55459,0.0361991
0.652346,0.553669,0.0363645
0.652106,0.552563,0.0365424
0.65205,0.551588,0.0363526
0.652051,0.551304,0.0359488
0.652013,0.550735,0.0362893
0.652025,0.549474,0.0362848
0.65218,0.547981,0.0361149
0.652192,0.547837,0.0359919
0.652526,0.545558,0.036329
0.652937,0.543865,0.036479
0.653019,0.543375,0.0362406
0.653528,0.541764,0.0364576
0.653913,0.540177,0.0365302
0.654064,0.539299,0.0365401
0.654006,0.537383,0.0365737
0.654274,0.535229,0.0365193
0.654369,0.534643,0.0363718
0.654714,0.533031,0.0366773
0.654843,0.53114,0.0368952
0.654893,0.530821,0.0368413
0.655049,0.528826,0.0368768
0.655298,0.526294,0.036953
0.65516,0.524844,0.0371807
0.655736,0.521481,0.0369631
0.655969,0.520645,0.0369088
0.656002,0.519317,0.0367218
0.656045,0.51658,0.0361844
0.656575,0.514779,0.0360313
0.656131,0.513245,0.0356997
0.65606,0.509904,0.0356353
0.655825,0.507721,0.035513
0.656094,0.506725,0.035447
0.656307,0.504117,0.035118
0.656372,0.501565,0.0347392
0.656873,0.498922,0.0343026
0.657139,0.498047,0.034255
0.657122,0.49557,0.0339168
0.656611,0.494188,0.0339154
0.656659,0.492117,0.0335173
0.657229,0.490308,0.0334868
0.657577,0.488315,0.0332802
0.658126,0.484994,0.0332964
0.657885,0.483024,0.0336464
0.658187,0.480216,0.0336547
0.658568,0.479214,0.0336786
0.658708,0.477025,0.0336334
0.658638,0.475142,0.033207
0.65969,0.472603,0.0332752
0.659812,0.4705,0.033354
0.660612,0.46772,0.033624
0.661001,0.465892,0.0339165
0.662062,0.46347,0.0341148
0.662806,0.46027,0.0342893
0.663107,0.458529,0.0339642
0.663615,0.455913,0.0334647
0.664213,0.452501,0.0337694
0.664539,0.450222,0.0337872
0.665028,0.449222,0.0338948
0.66568,0.446617,0.0337588
0.665864,0.444192,0.0339834
0.666366,0.443195,0.0340917
0.667299,0.439633,0.0342804
0.667013,0.436796,0.0349823
0.667683,0.433533,0.0359961
0.668572,0.431771,0.0362569
0.669602,0.429353,0.036592
0.670367,0.426993,0.0366889
0.670764,0.425104,0.0370332
0.671588,0.423434,0.0372989
0.672093,0.420212,0.0372867
0.672745,0.417885,0.0369165
0.673369,0.415076,0.0369219
0.673917,0.413911,0.0371139
0.674026,0.411884,0.0367407
0.674525,0.408278,0.0367007
0.67519,0.405244,0.0366528
0.676129,0.403449,0.0369269
0.678678,0.400069,0.0358767
0.678417,0.397505,0.0350459
0.678092,0.395984,0.0348099
0.679395,0.391936,0.0350949
0.680081,0.390579,0.0352631
0.679751,0.389062,0.0349395
0.680261,0.386621,0.0348553
0.680904,0.383485,0.0356534
0.68032,0.382124,0.0363975
0.681235,0.378994,0.0364379
0.682265,0.375196,0.0364987
0.682668,0.372215,0.0369426
0.684093,0.36959,0.0373398
0.684481,0.366791,0.0376645
0.684593,0.363569,0.0374573
0.685768,0.359659,0.0375152
0.686547,0.358023,0.0377415
0.687023,0.355554,0.0381346
0.689042,0.352285,0.0384568
0.689924,0.350407,0.0389431
0.690739,0.349009,0.0392115
0.691968,0.345986,0.0398572
0.693597,0.343185,0.0406658
0.693936,0.342327,0.0406678
0.695578,0.339843,0.0413284
0.696082,0.338184,0.0416305
0.697184,0.335877,0.0419086
0.697455,0.334627,0.0418956
0.698783,0.332529,0.0424048
0.699205,0.332006,0.0421203
0.700001,0.330385,0.04273
0.700916,0.328166,0.0435159
0.700946,0.326825,0.0437867
0.702226,0.325007,0.0443777
0.703102,0.322821,0.0446364
0.704258,0.319462,0.0448927
0.704165,0.317672,0.0451785
0.70454,0.315366,0.0456414
0.705162,0.31429,0.0459869
0.706011,0.31125,0.0456283
0.705783,0.309076,0.0445556
0.706396,0.308065,0.0448349
0.706835,0.304499,0.0440705
0.707344,0.301568,0.0438592
0.707149,0.298853,0.0434296
0.70808,0.297102,0.0437812
0.708087,0.29361,0.0429686
0.707781,0.290182,0.0426868
0.706886,0.288289,0.0420456
0.707848,0.286123,0.0424417
0.707985,0.283398,0.0418627
0.707662,0.281617,0.041088
0.707332,0.278924,0.0409084
0.707926,0.277304,0.0411301
0.707381,0.274947,0.0408448
0.707658,0.272395,0.0410856
0.70803,0.270112,0.0408009
0.708513,0.268478,0.0410278
0.708024,0.265306,0.0412496
0.70699,0.26286,0.0409478
0.706791,0.260079,0.0405116
0.707087,0.258403,0.0407372
0.706714,0.256444,0.0403871
0.706887,0.254379,0.0406471
0.70759,0.251914,0.0409548
0.707577,0.250355,0.0411591
0.708062,0.248097,0.0415247
0.707425,0.245982,0.0413393
0.708656,0.243368,0.0416413
0.70803,0.241863,0.0421665
0.708328,0.239579,0.0425151
0.707516,0.237945,0.0430701
0.707488,0.23426,0.0436422
0.707733,0.231005,0.0443854
0.707947,0.229125,0.0449535
0.707865,0.226308,0.0447717
0.707874,0.222576,0.045062
0.707843,0.221221,0.0448796
0.708084,0.219707,0.0453756
0.70913,0.216496,0.0456906
0.71025,0.215127,0.0458884
0.711346,0.212602,0.045985
0.71191,0.21076,0.0465794
0.71302,0.209916,0.0463164
0.71335,0.208108,0.0462437
0.713482,0.207131,0.0460711
0.71405,0.205423,0.0463793
0.714324,0.204629,0.0465905
0.714677,0.204094,0.0459705
0.715088,0.202959,0.0462027
0.715221,0.202723,0.0461955
0.716059,0.202529,0.0457783
0.716377,0.201863,0.0459125
0.717184,0.201574,0.0456228
0.717142,0.201788,0.0456645
0.717469,0.201275,0.0457854
0.717378,0.200987,0.04598
0.717517,0.201068,0.0460544
0.718015,0.201297,0.046085
0.71838,0.201641,0.046213
0.718733,0.20114,0.0464014
0.718976,0.201588,0.0464854
0.71908,0.201909,0.0470704
0.719295,0.201688,0.0472024
0.719017,0.202615,0.0477658
0.718574,0.202739,0.0482802
0.718689,0.202621,0.0483907
0.718333,0.202929,0.0492976
0.717862,0.203193,0.0503043
0.717498,0.20305,0.0512547
0.71679,0.203335,0.0523407
0.716957,0.203137,0.0530892
0.71644,0.203002,0.0539032
0.715348,0.20348,0.0544193
0.71434,0.204387,0.0564228
0.714256,0.204401,0.0573829
0.713354,0.204743,0.0591086
0.712905,0.204712,0.0612967
0.711888,0.204625,0.064247
0.711609,0.204654,0.0654151
0.710709,0.204853,0.0685911
0.710143,0.204547,0.0709139
0.709765,0.204693,0.0733141
0.709117,0.204746,0.0756955
0.707312,0.204987,0.0797026
0.70589,0.204694,0.0830941
0.7056,0.204091,0.0856872
0.704891,0.204136,0.087916
0.704239,0.203347,0.0915648
0.703008,0.203285,0.0944521
0.702127,0.202837,0.0967501
0.701208,0.203015,0.0998364
0.700275,0.202744,0.1044
0.699463,0.202191,0.107522
0.698761,0.202663,0.110314
0.698057,0.203063,0.115896
0.6974,0.202985,0.117982
0.696956,0.20313,0.121839
0.696699,0.20305,0.125443
0.695959,0.202967,0.130477
0.695501,0.202866,0.132013
0.694864,0.203325,0.137475
0.694867,0.203639,0.141988
0.693523,0.204116,0.144797
0.692413,0.204098,0.148478
0.691543,0.203875,0.15192
0.690324,0.203761,0.155933
0.689793,0.203186,0.159392
0.688821,0.203081,0.162466
0.6884,0.20275,0.165978
0.68758,0.202401,0.171282
0.68661,0.202509,0.176132
0.685882,0.20239,0.178657
0.685769,0.202262,0.184109
0.686611,0.201977,0.188114
0.686935,0.201811,0.192363
0.686485,0.201593,0.194177
0.685979,0.201252,0.199166
0.685964,0.200976,0.200583
0.686166,0.199765,0.206811
0.685537,0.199473,0.209565
0.685,0.198894,0.21272
0.684133,0.198125,0.220376
0.683856,0.197502,0.222578
0.683919,0.196745,0.227463
0.683826,0.196748,0.232699
0.683055,0.196289,0.236083
0.682597,0.196016,0.238088
0.683563,0.195891,0.24148
0.682829,0.195448,0.245452
0.681664,0.19546,0.249425
0.681748,0.193723,0.253348
0.681046,0.193484,0.257748
0.681244,0.192184,0.259784
0.680781,0.191019,0.265432
0.680376,0.190746,0.268837
0.680037,0.19058,0.270785
0.679537,0.189083,0.27711
0.679975,0.187556,0.281332
0.680297,0.186002,0.28656
0.679875,0.185342,0.290644
0.679353,0.184909,0.294649
0.67916,0.183904,0.297514
0.678569,0.183682,0.302677
0.677642,0.183234,0.307422
0.677274,0.183072,0.309537
0.677707,0.182276,0.314281
0.67779,0.182674,0.319394
0.677991,0.183161,0.323973
0.677663,0.183179,0.326744
0.676905,0.184375,0.331117
0.6773,0.184434,0.333789
0.676235,0.185078,0.33846
0.675583,0.185262,0.342285
0.675249,0.186072,0.345302
0.674319,0.187367,0.349346
0.673283,0.188052,0.35249
0.672649,0.188354,0.355247
0.672035,0.18867,0.358367
0.672492,0.189061,0.361568
0.672738,0.188547,0.362514
0.671946,0.188792,0.365676
0.671596,0.189084,0.36844
0.67177,0.189427,0.370469
0.671097,0.189634,0.374285
0.672012,0.189643,0.376353
0.672704,0.190057,0.379712
0.671991,0.190387,0.383517
0.671842,0.19047,0.384214
0.67148,0.190562,0.387386
0.671137,0.190749,0.389062
0.670696,0.191145,0.391763
0.669876,0.191147,0.394058
0.670415,0.190726,0.397105
0.670056,0.190959,0.398914
0.669485,0.191082,0.402599
0.669823,0.191023,0.405523
0.669685,0.190735,0.410517
0.670017,0.19115,0.414626
0.670006,0.191466,0.418726
0.66981,0.191533,0.41955
0.670485,0.191977,0.423818
0.67012,0.192076,0.42541
0.670505,0.192105,0.428055
0.670508,0.192613,0.432548
0.671023,0.191912,0.435416
0.670657,0.192056,0.437784
0.67019,0.19186,0.441639
0.669108,0.192202,0.444618
0.668491,0.190921,0.448728
0.668113,0.190967,0.450558
0.667354,0.190668,0.45538
0.668552,0.190388,0.456882
0.669721,0.190395,0.458888
0.670435,0.189979,0.462655
0.670191,0.190012,0.465036
0.670558,0.189482,0.467528
0.670146,0.188937,0.469718
0.669974,0.188719,0.472068
0.66983,0.188664,0.473847
0.670488,0.188566,0.475741
0.671579,0.18815,0.478096
0.671577,0.188026,0.479375
0.672047,0.187249,0.48182
0.672608,0.186444,0.483463
0.672458,0.185559,0.484294
0.672164,0.184384,0.485557
0.672219,0.184166,0.48731
0.671365,0.18374,0.487723
0.67018,0.183026,0.488581
0.66984,0.18215,0.489775
0.669741,0.182016,0.490652
0.669987,0.181555,0.490982
0.669671,0.181267,0.491356
0.670122,0.181525,0.49107
0.670019,0.181325,0.492104
0.670645,0.182188,0.492574
0.670758,0.183579,0.493259
0.670978,0.185133,0.493227
0.670768,0.185077,0.494192
0.670631,0.186754,0.493933
0.670622,0.189362,0.493944
0.67027,0.191447,0.493366
0.669967,0.191682,0.493918
0.669717,0.195161,0.492343
0.669393,0.198267,0.491482
0.669179,0.201295,0.490454
0.668467,0.204683,0.489214
0.667836,0.205899,0.489303
0.66711,0.209974,0.487792
0.667286,0.212738,0.485956
0.666497,0.216425,0.484874
0.666065,0.218054,0.484568
0.664833,0.221832,0.483436
0.663608,0.224509,0.481858
0.663228,0.225688,0.481533
0.662627,0.230049,0.479662
0.65895,0.237967,0.47708
0.658041,0.240316,0.476445
0.656619,0.24225,0.475618
0.655334,0.245115,0.474932
0.653316,0.249056,0.47362
0.652912,0.252644,0.472013
0.651173,0.256393,0.470558
0.650499,0.258224,0.470115
0.650164,0.261362,0.469691
0.648868,0.266427,0.469263
0.64866,0.270142,0.468171
0.648423,0.27419,0.46769
0.647569,0.276897,0.467169
0.647848,0.281239,0.466659
0.647815,0.286542,0.466036
0.647143,0.288571,0.46561
0.646281,0.294118,0.46663
0.64629,0.297822,0.466969
0.646054,0.302934,0.466779
0.64526,0.308661,0.466796
0.644772,0.310771,0.466648
0.644173,0.316514,0.466244
0.643461,0.322269,0.466113
0.642661,0.328115,0.466262
0.6417,0.331688,0.46607
0.642058,0.337231,0.465604
0.642099,0.342648,0.464794
0.641914,0.349188,0.464387
0.641269,0.351955,0.464155
0.640096,0.358524,0.465425
0.63905,0.363849,0.465717
0.638534,0.369389,0.466216
0.638033,0.371743,0.46623
0.637859,0.376968,0.466516
0.637654,0.379653,0.466028
0.636892,0.384896,0.465626
0.63603,0.389281,0.465638
0.636317,0.392781,0.465376
0.636621,0.397634,0.465277
0.637844,0.402411,0.465906
0.637276,0.405544,0.465867
0.638641,0.410663,0.466202
0.639052,0.416863,0.466955
0.638525,0.420161,0.467254
0.637611,0.425083,0.46751
0.63852,0.430404,0.466974
0.639522,0.43429,0.466933
0.639541,0.439386,0.466895
0.638789,0.443533,0.466855
0.639358,0.446658,0.466859
0.639587,0.452564,0.467662
0.640599,0.454251,0.467432
0.640383,0.45661,0.467414
0.640611,0.460799,0.468114
0.641198,0.464342,0.468074
0.641537,0.466976,0.468971
0.641143,0.469503,0.469344
0.640911,0.47344,0.469566
0.641642,0.475198,0.469422
0.642888,0.479167,0.46947
0.642615,0.482583,0.469546
0.643842,0.484269,0.469424
0.644645,0.487831,0.469259
0.644866,0.490686,0.468787
0.645367,0.494262,0.468709
0.646193,0.497553,0.468437
0.64715,0.500945,0.468586
0.647135,0.502381,0.468586
0.647602,0.506418,0.468042
0.648539,0.508513,0.467852
0.648687,0.511654,0.467727
0.649085,0.513904,0.467441
0.649479,0.516525,0.467001
0.649487,0.517495,0.46696
0.649496,0.518667,0.466912
0.650162,0.51985,0.466913
0.650961,0.521452,0.467006
0.651043,0.523204,0.46696
0.651733,0.525907,0.467159
0.652578,0.527445,0.466545
0.652646,0.528757,0.465893
0.652845,0.530844,0.465775
0.652544,0.531649,0.465417
0.652078,0.532764,0.464745
0.652001,0.533313,0.463926
0.651643,0.533771,0.46308
0.651684,0.534604,0.462935
0.65111,0.535059,0.461456
0.650545,0.535549,0.460076
0.650236,0.535223,0.459002
0.650222,0.536449,0.458499
0.649958,0.535544,0.456571
0.649285,0.535748,0.454561
0.64928,0.536485,0.453991
0.648545,0.536344,0.45188
0.648028,0.5362,0.449164
0.64743,0.53612,0.446524
0.646593,0.535616,0.44402
0.646587,0.536414,0.442329
0.64595,0.536867,0.439228
0.644944,0.537272,0.436571
0.644556,0.53801,0.43313
0.644569,0.538374,0.431883
0.644659,0.538764,0.429356
0.644827,0.53872,0.42548
0.644682,0.539369,0.422848
0.644747,0.539579,0.42181
0.644523,0.540055,0.419166
0.644236,0.540667,0.416347
0.643946,0.541108,0.413271
0.643973,0.541362,0.411765
0.644081,0.541524,0.407381
0.64391,0.541889,0.404865
0.643083,0.542788,0.40219
0.643131,0.543139,0.399886
0.6424,0.543758,0.396743
0.642562,0.544033,0.393211
0.642695,0.544489,0.390714
0.642823,0.54477,0.388836
0.642527,0.545034,0.386689
0.642226,0.545827,0.383963
0.642154,0.546412,0.380944
0.642198,0.5466,0.37978
0.64217,0.546636,0.377155
0.64152,0.546762,0.374558
0.641058,0.546726,0.372842
0.641269,0.546537,0.369508
0.641062,0.546659,0.367383
0.640897,0.546703,0.364242
0.64124,0.546416,0.362442
0.640514,0.545462,0.360429
0.640604,0.545465,0.359065
0.639928,0.545034,0.358068
0.639912,0.545085,0.357986
0.639412,0.544696,0.357477
0.639447,0.544636,0.356015
0.638956,0.544935,0.35594
0.638921,0.544802,0.355245
0.638903,0.544535,0.354681
0.638687,0.543823,0.354188
0.638681,0.543766,0.353433
0.638185,0.543535,0.352899
0.637757,0.543173,0.352737
0.637228,0.542937,0.35273
0.637199,0.542889,0.351925
0.637028,0.542783,0.351899
0.636518,0.542667,0.352378
0.636444,0.542587,0.352341
0.636379,0.542552,0.351991
0.635964,0.54258,0.351733
0.635709,0.542477,0.351771
0.635813,0.542404,0.352105
0.635644,0.54212,0.35205
0.635687,0.541705,0.352495
0.635681,0.54173,0.353218
0.635737,0.5418,0.353601
0.635709,0.541759,0.353445
0.635742,0.541801,0.353767
0.635947,0.541945,0.35417
0.636271,0.541815,0.354719
0.636318,0.54167,0.35533
0.636307,0.541617,0.355224
0.636277,0.541576,0.356027
0.637051,0.541732,0.356902
0.637043,0.541681,0.356818
0.638077,0.541731,0.359139
0.638066,0.541683,0.359097
0.638335,0.541642,0.360101
0.638324,0.541534,0.360038
0.638767,0.54151,0.361282
0.638962,0.541278,0.361626
0.638964,0.541219,0.361608
0.639232,0.541032,0.362023
0.639792,0.540824,0.362359
0.640163,0.540721,0.362855
0.641122,0.540868,0.363566
0.641676,0.540644,0.363902
0.641715,0.540578,0.363881
0.6423,0.540247,0.364088
0.643274,0.540009,0.364031
0.643882,0.539862,0.364001
0.644188,0.540312,0.363989
0.644719,0.540539,0.363865
0.644947,0.540474,0.36382
0.645136,0.540579,0.36377
0.645074,0.540543,0.363693
0.6453,0.540553,0.363794
0.645368,0.540534,0.363781
0.64593,0.540331,0.363732
0.646391,0.539988,0.363703
0.646719,0.540039,0.363589
0.646789,0.539996,0.363574
0.647159,0.540038,0.363347
0.647388,0.540058,0.363184
0.647553,0.540016,0.362934
0.647696,0.539935,0.362903
0.6477,0.53994,0.362775
0.647669,0.539756,0.362512
