HL_x,HL_y,HL_z
-0.353331,0.36759,0.0414721
-0.353236,0.367442,0.0412496
-0.353514,0.366945,0.0411317
-0.353368,0.366627,0.0404187
-0.353473,0.366256,0.0396759
-0.35344,0.366164,0.0395786
-0.353727,0.366057,0.0388215
-0.353571,0.366344,0.0380607
-0.353114,0.366697,0.036725
-0.3527,0.36683,0.0350779
-0.352792,0.366342,0.0337955
-0.352737,0.366184,0.033577
-0.352314,0.366303,0.0323768
-0.351737,0.366075,0.0304832
-0.35166,0.365894,0.0301485
-0.351234,0.365912,0.0284312
-0.351275,0.366182,0.0271491
-0.351154,0.366111,0.0257693
-0.351048,0.365866,0.0251791
-0.351227,0.365428,0.0236698
-0.351786,0.364639,0.022163
-0.352237,0.363808,0.0198709
-0.352088,0.36354,0.0191441
-0.352035,0.363891,0.01721
-0.352371,0.363438,0.0151175
-0.352691,0.363525,0.0132487
-0.352559,0.363294,0.0124468
-0.352774,0.362778,0.00987985
-0.352775,0.362317,0.00762923
-0.352733,0.362289,0.00558333
-0.352503,0.361896,0.00405353
-0.352228,0.361305,0.00143222
-0.352131,0.361026,0.000147525
-0.352279,0.360754,-0.00228044
-0.3521,0.360315,-0.00403451
-0.35267,0.360346,-0.00585967
-0.352833,0.360052,-0.00892148
-0.353009,0.35999,-0.0118841
-0.352919,0.359797,-0.0129046
-0.352735,0.359466,-0.0162591
-0.352818,0.359397,-0.0178348
-0.352758,0.359457,-0.0198139
-0.352672,0.359223,-0.0212208
-0.352137,0.358527,-0.0241827
-0.351738,0.358469,-0.0264642
-0.351711,0.358048,-0.0296423
-0.351475,0.35772,-0.0321112
-0.351482,0.357914,-0.0344029
-0.351727,0.358118,-0.0368535
-0.352082,0.357997,-0.0398861
-0.352143,0.357902,-0.0414455
-0.351845,0.357688,-0.0441173
-0.351904,0.357906,-0.0462348
-0.351933,0.358023,-0.0474081
-0.35171,0.357631,-0.0504007
-0.351536,0.357531,-0.0518296
-0.351576,0.357234,-0.0534524
-0.351511,0.356741,-0.0564619
-0.35098,0.356334,-0.0592296
-0.350845,0.356232,-0.0603752
-0.350084,0.356059,-0.0633945
-0.349795,0.355717,-0.0663811
-0.349767,0.355269,-0.0681339
-0.349343,0.355056,-0.0711993
-0.349022,0.354602,-0.0735206
-0.348829,0.354167,-0.074633
-0.348552,0.35386,-0.07734
-0.348233,0.353643,-0.0795315
-0.348446,0.353165,-0.081201
-0.348099,0.352202,-0.0838595
-0.3479,0.351435,-0.0864141
-0.34771,0.351269,-0.0876073
-0.347212,0.350365,-0.0900476
-0.347101,0.350293,-0.0919829
-0.347012,0.350037,-0.0933922
-0.346613,0.349688,-0.0954888
-0.346367,0.349793,-0.0976373
-0.346033,0.349566,-0.0988823
-0.345751,0.349121,-0.100955
-0.345231,0.348097,-0.103364
-0.34487,0.347248,-0.105882
-0.344654,0.347049,-0.106844
-0.344355,0.346204,-0.109145
-0.344592,0.34614,-0.110742
-0.344061,0.345658,-0.112994
-0.343944,0.34533,-0.114721
-0.343442,0.34506,-0.11768
-0.343379,0.345338,-0.119179
-0.34287,0.344979,-0.121264
-0.343243,0.344865,-0.122747
-0.3427,0.34425,-0.125664
-0.342587,0.343736,-0.128604
-0.342293,0.343537,-0.129782
-0.342014,0.343607,-0.133005
-0.341592,0.344187,-0.135811
-0.341143,0.344578,-0.138419
-0.340753,0.344398,-0.140131
-0.34007,0.344303,-0.142714
-0.339755,0.344445,-0.14436
-0.339288,0.343878,-0.147176
-0.338742,0.343659,-0.149517
-0.338192,0.343142,-0.152229
-0.338351,0.343379,-0.154026
-0.338165,0.34373,-0.157181
-0.337844,0.343681,-0.158472
-0.33723,0.343714,-0.160762
-0.336934,0.343723,-0.163209
-0.336939,0.343136,-0.164001
-0.336407,0.343022,-0.166157
-0.336034,0.342295,-0.169026
-0.336233,0.342042,-0.170558
-0.335993,0.341358,-0.172382
-0.335612,0.341133,-0.174649
-0.335257,0.340959,-0.176176
-0.33439,0.340144,-0.178261
-0.334071,0.339709,-0.180427
-0.334285,0.33957,-0.182294
-0.333823,0.339324,-0.184106
-0.333658,0.338605,-0.186662
-0.333958,0.33796,-0.188291
-0.333844,0.337367,-0.190946
-0.333483,0.337154,-0.192319
-0.333764,0.336736,-0.193339
-0.333759,0.335926,-0.195246
-0.333427,0.335287,-0.197102
-0.333223,0.33509,-0.197989
-0.333227,0.334493,-0.199418
-0.333454,0.333948,-0.201358
-0.333851,0.334025,-0.201506
-0.33357,0.333663,-0.203084
-0.333746,0.333261,-0.204194
-0.333624,0.333111,-0.204488
-0.333847,0.332952,-0.205002
-0.333611,0.33263,-0.206352
-0.333583,0.332749,-0.206074
-0.333399,0.332692,-0.206428
-0.33334,0.332571,-0.206331
-0.333252,0.33245,-0.206808
-0.333451,0.332356,-0.206623
-0.332987,0.332166,-0.206489
-0.332767,0.332082,-0.205835
-0.332598,0.331894,-0.206483
-0.332674,0.331325,-0.205892
-0.332773,0.330636,-0.205038
-0.332253,0.329174,-0.204251
-0.332329,0.327593,-0.203136
-0.332129,0.327175,-0.203452
-0.332021,0.325648,-0.202123
-0.331619,0.323869,-0.201017
-0.330715,0.321976,-0.199635
-0.330557,0.321514,-0.199638
-0.329196,0.319435,-0.198507
-0.327411,0.318053,-0.196474
-0.326638,0.315983,-0.196155
-0.326309,0.315115,-0.196121
-0.325345,0.312897,-0.195214
-0.324622,0.310461,-0.194794
-0.324207,0.308641,-0.194767
-0.323941,0.308034,-0.194708
-0.323295,0.305732,-0.1938
-0.322555,0.303286,-0.193782
-0.32219,0.301719,-0.193876
-0.321787,0.300737,-0.193849
-0.321817,0.298243,-0.194146
-0.321876,0.295659,-0.194177
-0.32156,0.292167,-0.194149
-0.320879,0.290316,-0.194241
-0.320459,0.288228,-0.193802
-0.320114,0.285037,-0.193387
-0.319515,0.282081,-0.193601
-0.319141,0.280957,-0.193687
-0.318923,0.277011,-0.193631
-0.318932,0.273993,-0.193617
-0.318457,0.272031,-0.193557
-0.317656,0.26911,-0.19359
-0.317079,0.266178,-0.193568
-0.317008,0.264158,-0.193443
-0.316405,0.260969,-0.193091
-0.316269,0.258527,-0.19296
-0.31593,0.257438,-0.193018
-0.315507,0.254342,-0.193241
-0.315362,0.250895,-0.193201
-0.315423,0.248618,-0.192996
-0.314931,0.246952,-0.193077
-0.314031,0.243422,-0.19303
-0.313876,0.241185,-0.192649
-0.314067,0.237417,-0.192319
-0.313281,0.234977,-0.19237
-0.314422,0.232507,-0.192745
-0.315097,0.228327,-0.192858
-0.315205,0.225234,-0.192745
-0.314835,0.2239,-0.192751
-0.31455,0.220291,-0.192491
-0.314141,0.216415,-0.191555
-0.313977,0.21414,-0.191076
-0.313237,0.211289,-0.191096
-0.313263,0.208473,-0.190554
-0.313438,0.206439,-0.189866
-0.313317,0.202353,-0.189227
-0.312609,0.199539,-0.189074
-0.312955,0.196115,-0.189068
-0.313259,0.192089,-0.188563
-0.313247,0.188763,-0.187685
-0.312896,0.187352,-0.187636
-0.312808,0.184127,-0.18706
-0.312604,0.180389,-0.186466
-0.312575,0.178563,-0.185662
-0.312097,0.174309,-0.184788
-0.311568,0.172079,-0.184573
-0.311762,0.170788,-0.183862
-0.311961,0.167493,-0.183236
-0.31175,0.164804,-0.182453
-0.311428,0.163393,-0.182263
-0.311265,0.160469,-0.181365
-0.31146,0.156669,-0.18012
-0.311431,0.155429,-0.179345
-0.311216,0.154165,-0.179117
-0.311305,0.152668,-0.17843
-0.311358,0.15124,-0.177859
-0.311826,0.151009,-0.177448
-0.311677,0.149927,-0.177213
-0.311407,0.148643,-0.176797
-0.311266,0.14772,-0.17641
-0.311983,0.14687,-0.175776
-0.311887,0.146028,-0.175546
-0.312199,0.144633,-0.17485
-0.312685,0.144691,-0.174492
-0.312195,0.144706,-0.173952
-0.312056,0.143665,-0.173515
-0.311949,0.143329,-0.173009
-0.311949,0.143637,-0.173256
-0.311948,0.143788,-0.173394
-0.311738,0.143839,-0.173048
-0.311654,0.143564,-0.172871
-0.311802,0.143855,-0.172553
-0.312328,0.144373,-0.172386
-0.312261,0.14421,-0.172206
-0.312962,0.14492,-0.171398
-0.313341,0.145506,-0.170761
-0.313603,0.146216,-0.169632
-0.313582,0.146067,-0.169163
-0.314314,0.147008,-0.167578
-0.31518,0.14763,-0.166305
-0.315539,0.147946,-0.164486
-0.316004,0.148245,-0.162272
-0.316084,0.148303,-0.161772
-0.316929,0.149236,-0.159316
-0.317506,0.14944,-0.156681
-0.317224,0.149968,-0.154749
-0.317455,0.150232,-0.153515
-0.318186,0.151365,-0.150005
-0.317908,0.152533,-0.146455
-0.318635,0.153595,-0.143616
-0.319189,0.154152,-0.141609
-0.319554,0.154462,-0.138584
-0.320103,0.154975,-0.135125
-0.320776,0.155798,-0.131644
-0.321138,0.156112,-0.130432
-0.321849,0.157067,-0.12711
-0.321508,0.158329,-0.122638
-0.321065,0.15903,-0.119777
-0.321997,0.159697,-0.116959
-0.32101,0.160736,-0.113081
-0.32066,0.161281,-0.109819
-0.320622,0.162151,-0.106468
-0.321301,0.162667,-0.104106
-0.321597,0.163736,-0.101054
-0.321866,0.164518,-0.097903
-0.322751,0.165065,-0.0940493
-0.323196,0.165415,-0.0925978
-0.323582,0.166163,-0.0889843
-0.32469,0.166972,-0.0850858
-0.324729,0.167896,-0.0818748
-0.325372,0.168517,-0.0796614
-0.325666,0.169751,-0.0753758
-0.324995,0.169639,-0.0731239
-0.325265,0.170494,-0.0682383
-0.325238,0.170961,-0.0646293
-0.325677,0.17161,-0.0624415
-0.326282,0.172354,-0.0588146
-0.326909,0.17314,-0.054526
-0.327458,0.173866,-0.0520827
-0.32833,0.174259,-0.0480357
-0.329254,0.17542,-0.0436324
-0.329238,0.17544,-0.0409834
-0.329767,0.17615,-0.038636
-0.330424,0.176952,-0.033779
-0.330464,0.176834,-0.0315964
-0.330957,0.17747,-0.0269162
-0.330925,0.177257,-0.0249563
-0.331589,0.178164,-0.0215434
-0.331965,0.178467,-0.0165155
-0.332337,0.179025,-0.0121294
-0.332336,0.179106,-0.00995799
-0.33201,0.180083,-0.00484651
-0.332421,0.180614,-0.00231403
-0.332835,0.181266,0.00174734
-0.331808,0.181551,0.0056654
-0.332338,0.182244,0.008817
-0.331365,0.182182,0.0114393
-0.330729,0.183157,0.0160316
-0.330076,0.183914,0.0200188
-0.330296,0.18424,0.0216067
-0.32992,0.185555,0.0261229
-0.329929,0.186411,0.0295031
-0.329757,0.187246,0.0326283
-0.329985,0.187563,0.0340722
-0.329615,0.18875,0.0377621
-0.329343,0.189257,0.0398457
-0.328907,0.189686,0.0425167
-0.329274,0.190355,0.0456173
-0.328982,0.190127,0.0467129
-0.328583,0.191044,0.0495804
-0.327986,0.191871,0.0525717
-0.327084,0.192181,0.0535913
-0.327368,0.192794,0.056262
-0.327041,0.193312,0.0586521
-0.326758,0.19351,0.0593356
-0.326922,0.193885,0.0609425
-0.326661,0.193963,0.0620437
-0.32674,0.193823,0.0620171
-0.32695,0.19384,0.0627578
-0.327214,0.194101,0.0634955
-0.327311,0.194317,0.0643241
-0.32745,0.194489,0.0646242
-0.327257,0.194544,0.0647551
-0.32713,0.194525,0.0642185
-0.327239,0.194867,0.0652281
-0.327327,0.194995,0.0648752
-0.327597,0.195412,0.0644302
-0.32781,0.196144,0.0642645
-0.32795,0.196409,0.0648364
-0.32821,0.197147,0.0640147
-0.328794,0.198334,0.0628915
-0.329238,0.200003,0.0618454
-0.329337,0.200293,0.0620653
-0.329645,0.20242,0.0610863
-0.33037,0.204517,0.0596691
-0.330911,0.205743,0.0580168
-0.331055,0.208115,0.0567754
-0.331255,0.20901,0.0567688
-0.331589,0.211386,0.0559748
-0.332198,0.214283,0.0551814
-0.332499,0.215746,0.0550591
-0.332506,0.219056,0.0537778
-0.332401,0.223147,0.0532624
-0.332688,0.227426,0.0521789
-0.332849,0.22857,0.0520272
-0.333918,0.233185,0.0506223
-0.335084,0.23899,0.0488498
-0.335897,0.243723,0.0467868
-0.335721,0.248688,0.0450939
-0.336444,0.251761,0.0447638
-0.336642,0.255983,0.0438957
-0.337072,0.260794,0.0430011
-0.337407,0.265544,0.0423045
-0.337812,0.267397,0.0421517
-0.337802,0.272491,0.0411938
-0.337936,0.277391,0.0399744
-0.337592,0.281593,0.0387914
-0.338394,0.285523,0.0383341
-0.337975,0.291848,0.0374521
-0.337271,0.29492,0.036178
-0.336971,0.300127,0.0350405
-0.337503,0.304296,0.0346186
-0.337089,0.30728,0.0340602
-0.336752,0.311699,0.033503
-0.336374,0.315422,0.0331066
-0.336622,0.318307,0.0328288
-0.336025,0.321879,0.0326057
-0.33638,0.3257,0.0324297
-0.335981,0.327723,0.0315646
-0.336209,0.330999,0.0313847
-0.335624,0.334529,0.030941
-0.334774,0.33671,0.0308892
-0.334616,0.341142,0.0301065
-0.334484,0.343522,0.0297992
-0.334573,0.344993,0.0296765
-0.334051,0.348149,0.0293441
-0.334073,0.3507,0.0285083
-0.334195,0.352191,0.0283422
-0.334198,0.354334,0.027553
-0.334114,0.355625,0.0274264
-0.334226,0.356107,0.0270485
-0.33438,0.357563,0.0266892
-0.334448,0.359819,0.0264531
-0.334734,0.360122,0.0266631
-0.335104,0.362267,0.0261956
-0.335626,0.363236,0.0257414
-0.335661,0.36409,0.0256439
-0.3358,0.364993,0.0252385
-0.335916,0.365918,0.0252601
-0.335884,0.366028,0.0252811
-0.336108,0.36743,0.0251407
-0.33621,0.368383,0.0250366
-0.33645,0.368297,0.0249922
-0.336393,0.367779,0.0251351
-0.336596,0.367495,0.0255879
-0.336642,0.367928,0.0255523
-0.336756,0.367664,0.0259975
-0.33672,0.367314,0.0261685
-0.336749,0.367636,0.0261534
-0.336601,0.366797,0.0265121
-0.336459,0.365874,0.0268733
-0.336771,0.365408,0.0274144
-0.336807,0.365785,0.0274385
-0.336942,0.365217,0.0278209
-0.337347,0.364617,0.0279953
-0.337693,0.363997,0.0282403
-0.337717,0.364199,0.0282822
-0.338123,0.36358,0.0284075
-0.338357,0.363407,0.0285775
-0.338639,0.362854,0.0289874
-0.338811,0.362113,0.029143
-0.338861,0.362144,0.0291837
-0.339328,0.361686,0.0293328
-0.339726,0.360956,0.0294193
-0.339853,0.360929,0.0294727
-0.339899,0.360264,0.029871
-0.340117,0.359524,0.0301502
-0.340399,0.358833,0.030199
-0.340552,0.358722,0.0302526
-0.340736,0.35831,0.0302834
-0.340854,0.357848,0.0302183
-0.340879,0.357349,0.0301994
-0.340712,0.357087,0.030478
-0.340871,0.356933,0.0304829
-0.340669,0.356506,0.0304555
-0.340282,0.356268,0.0303799
-0.340193,0.355881,0.0303182
-0.340272,0.355787,0.0303064
-0.340175,0.355704,0.0302535
-0.340113,0.355613,0.0302312
-0.340101,0.355563,0.0301125
-0.340131,0.355529,0.0301079
-0.340158,0.355529,0.0300221
-0.340107,0.35532,0.0297613
-0.340055,0.35529,0.029512
-0.340134,0.355176,0.0294725
-0.339914,0.355116,0.0294283
-0.339602,0.355212,0.0292854
-0.339459,0.354975,0.0294246
-0.339504,0.354893,0.0293814
-0.339357,0.354694,0.0292373
-0.339271,0.354623,0.0292147
-0.339274,0.354582,0.0291373
-0.339301,0.354496,0.0290838
-0.3392,0.354496,0.0291675
-0.338974,0.354333,0.0291165
-0.339038,0.354232,0.0288734
-0.339056,0.354031,0.0287067
-0.339051,0.353888,0.0285918
-0.339087,0.353955,0.028632
-0.339069,0.353998,0.0286212
-0.339063,0.353915,0.0285551
-0.338958,0.353789,0.0284894
-0.33913,0.353352,0.0284678
-0.339207,0.353209,0.0285679
-0.339353,0.353132,0.0287202
-0.339339,0.353043,0.0286593
-0.339424,0.35291,0.0287503
-0.339514,0.352736,0.0288361
-0.339338,0.352366,0.0290025
-0.339309,0.352218,0.0289359
-0.339131,0.35188,0.029384
-0.338441,0.35145,0.0298013
-0.338258,0.350664,0.030104
-0.338248,0.350558,0.0300825
-0.338236,0.350225,0.0305505
-0.338618,0.349754,0.0306453
-0.338744,0.349414,0.0308794
-0.338731,0.349154,0.0308818
-0.338966,0.348973,0.0309453
-0.338976,0.348831,0.031074
-0.338851,0.348587,0.0312665
-0.338842,0.348464,0.0312689
-0.338615,0.348127,0.0314341
-0.338095,0.347858,0.031664
-0.337827,0.347122,0.0320149
-0.337818,0.347057,0.0320188
-0.337577,0.346704,0.0321458
-0.337446,0.346512,0.0322332
-0.337569,0.346511,0.032215
-0.337556,0.346404,0.0322194
-0.337614,0.346287,0.0322395
-0.338047,0.346115,0.0321274
-0.338362,0.345858,0.0319199
-0.338352,0.345724,0.0319174
-0.338988,0.345396,0.0316244
-0.339333,0.34515,0.0315377
-0.340005,0.344971,0.031593
-0.34063,0.345101,0.0313988
-0.340624,0.345043,0.0313969
-0.34067,0.345195,0.0313959
-0.340717,0.3452,0.0313295
-0.340777,0.345022,0.0312261
-0.34077,0.344911,0.0312226
-0.340844,0.3446,0.0311438
-0.340828,0.344416,0.0311177
-0.340891,0.344528,0.0310968
-0.340893,0.344462,0.0310968
-0.341344,0.344004,0.0309094
-0.341729,0.343887,0.0307998
-0.341633,0.344104,0.0306606
-0.341637,0.343999,0.0306581
-0.34158,0.344058,0.030534
-0.34146,0.344031,0.030442
-0.34127,0.343966,0.0303278
-0.341109,0.344079,0.0302061
-0.341112,0.344039,0.0302043
-0.341126,0.34408,0.0300376
-0.341065,0.344449,0.0297801
-0.341068,0.344383,0.0297662
