HL_x,HL_y,HL_z
0.259377,0.322883,0.130033
0.259529,0.323238,0.130217
0.259786,0.323604,0.130328
0.259884,0.32365,0.130548
0.259879,0.323649,0.130446
0.259985,0.323778,0.130551
0.260181,0.323961,0.130706
0.260257,0.324363,0.130669
0.260255,0.324371,0.13061
0.260524,0.324703,0.130604
0.260824,0.325064,0.130664
0.26092,0.325135,0.130894
0.260912,0.325145,0.130862
0.260884,0.325128,0.13098
0.260951,0.325384,0.130994
0.260917,0.325555,0.131058
0.260914,0.325565,0.131031
0.260913,0.3256,0.131123
0.260964,0.325592,0.13123
0.260951,0.325592,0.131206
0.260939,0.3256,0.131181
0.260773,0.325601,0.131076
0.260499,0.325467,0.130964
0.25974,0.325303,0.130834
0.259716,0.325296,0.13079
0.259217,0.325041,0.130512
0.258682,0.324744,0.129996
0.257794,0.324577,0.129417
0.257718,0.324531,0.129273
0.256773,0.324401,0.128288
0.256322,0.324831,0.12715
0.255936,0.325321,0.125796
0.255805,0.325266,0.125532
0.255232,0.325319,0.124078
0.254754,0.325179,0.122457
0.254242,0.325198,0.121215
0.253899,0.325026,0.119756
0.253622,0.324881,0.118973
0.252939,0.324776,0.117087
0.252753,0.324623,0.115607
0.252663,0.324372,0.113685
0.252495,0.324167,0.112923
0.252825,0.324629,0.11191
0.252646,0.324933,0.110681
0.252447,0.324901,0.108994
0.252373,0.32482,0.108482
0.25274,0.324402,0.107297
0.252791,0.324345,0.105897
0.252854,0.324148,0.104833
0.252768,0.323995,0.103877
0.252969,0.323774,0.102096
0.253016,0.323476,0.100437
0.252619,0.323117,0.0981439
0.252609,0.322919,0.0972181
0.252611,0.322735,0.0955088
0.252142,0.322191,0.0931087
0.251768,0.322041,0.0912494
0.251769,0.321888,0.0905556
0.251444,0.321392,0.0881638
0.250973,0.321029,0.0861092
0.250728,0.320718,0.0844463
0.250749,0.320329,0.0827959
0.250644,0.32023,0.0806908
0.250317,0.319853,0.0792922
0.250018,0.319301,0.0764167
0.249558,0.319091,0.0724949
0.248899,0.319223,0.0702781
0.248855,0.319003,0.0690269
0.248432,0.318875,0.0668303
0.248113,0.318688,0.0641293
0.248055,0.318438,0.0626207
0.24748,0.318243,0.0600394
0.247012,0.318045,0.0578739
0.246385,0.317275,0.0542217
0.246135,0.316808,0.0513221
0.245925,0.316256,0.0494776
0.245521,0.315548,0.044656
0.244651,0.315816,0.0411626
0.244556,0.315584,0.0396092
0.244364,0.315591,0.0354172
0.244236,0.315613,0.0313606
0.244736,0.315997,0.0287572
0.244676,0.315622,0.0257632
0.245333,0.315673,0.021191
0.245967,0.315735,0.0177589
0.246577,0.315516,0.0154966
0.246695,0.315104,0.0122256
0.247337,0.315029,0.00984806
0.248177,0.31558,0.00558926
0.249014,0.31596,0.00185648
0.249249,0.315854,5.21873e-05
0.249976,0.315956,-0.0037775
0.250443,0.315952,-0.00747833
0.251008,0.315711,-0.0108068
0.251342,0.315899,-0.0137399
0.251697,0.31578,-0.0160491
0.25138,0.315139,-0.018336
0.251484,0.313873,-0.0225685
0.251496,0.312937,-0.026204
0.251796,0.312705,-0.0279693
0.251567,0.312235,-0.0321713
0.251248,0.312657,-0.035945
0.251485,0.312225,-0.0397224
0.251704,0.311994,-0.0416524
0.251624,0.310858,-0.0452807
0.251414,0.310958,-0.0476616
0.250988,0.310231,-0.0511189
0.251498,0.309751,-0.0544234
0.251278,0.309811,-0.0568615
0.251134,0.309668,-0.0607631
0.250979,0.309305,-0.0650228
0.251209,0.309067,-0.0666934
0.251103,0.309028,-0.0725104
0.251557,0.308673,-0.0758967
0.251763,0.308543,-0.0782326
0.252198,0.308097,-0.0818261
0.252621,0.30823,-0.087581
0.251732,0.308367,-0.0892767
0.251658,0.308368,-0.0936988
0.252321,0.307995,-0.0996735
0.252512,0.307852,-0.10152
0.252829,0.306884,-0.104172
0.253154,0.306319,-0.10848
0.253668,0.306657,-0.111489
0.253542,0.306335,-0.11604
0.253947,0.306421,-0.119222
0.254438,0.306111,-0.121113
0.254997,0.305638,-0.124588
0.255274,0.305231,-0.128255
0.255358,0.304264,-0.129796
0.255727,0.303046,-0.133246
0.256462,0.30238,-0.136882
0.25605,0.301938,-0.138326
0.255494,0.300665,-0.140104
0.25593,0.299501,-0.143444
0.255183,0.29883,-0.143745
0.255574,0.298504,-0.145153
0.254399,0.297553,-0.146871
0.254067,0.29724,-0.146703
0.254064,0.296518,-0.147602
0.254548,0.296005,-0.149664
0.254535,0.29568,-0.14879
0.254606,0.2947,-0.149315
0.255056,0.29405,-0.148881
0.255241,0.29379,-0.1496
0.255651,0.292909,-0.149016
0.255902,0.29194,-0.148493
0.255858,0.291203,-0.147735
0.25613,0.290684,-0.148587
0.256321,0.289819,-0.147858
0.25633,0.288942,-0.146937
0.256335,0.287849,-0.146075
0.256524,0.287457,-0.146446
0.256254,0.286297,-0.145321
0.25621,0.285349,-0.144542
0.256286,0.284241,-0.143817
0.256397,0.283955,-0.143955
0.256452,0.282545,-0.143392
0.256192,0.281145,-0.142841
0.255594,0.280106,-0.142129
0.255224,0.278048,-0.141421
0.255377,0.277437,-0.141531
0.254916,0.276294,-0.140725
0.254712,0.273594,-0.140022
0.254449,0.270934,-0.139335
0.254702,0.269485,-0.139259
0.254164,0.267285,-0.139248
0.253832,0.264333,-0.139103
0.253928,0.263519,-0.139116
0.25385,0.259963,-0.13843
0.254133,0.2562,-0.138128
0.253838,0.253453,-0.13722
0.253143,0.249663,-0.136596
0.253489,0.247151,-0.136631
0.253999,0.242239,-0.136247
0.254256,0.239304,-0.135913
0.254069,0.236927,-0.135739
0.254307,0.235458,-0.13578
0.254132,0.232128,-0.135728
0.254234,0.229038,-0.135565
0.253784,0.227259,-0.135414
0.254071,0.224526,-0.135518
0.253868,0.221192,-0.135418
0.253438,0.219387,-0.135512
0.252595,0.216593,-0.13584
0.251889,0.21274,-0.136122
0.251947,0.211921,-0.136143
0.250654,0.208348,-0.136622
0.249945,0.204364,-0.136563
0.249922,0.201222,-0.136759
0.249573,0.199248,-0.136927
0.249036,0.19625,-0.137288
0.248562,0.193674,-0.137363
0.2478,0.192391,-0.136901
0.247628,0.189327,-0.137064
0.247538,0.186165,-0.136503
0.247381,0.183305,-0.136268
0.247321,0.181588,-0.135321
0.247248,0.179998,-0.135287
0.247718,0.176302,-0.133937
0.247856,0.174563,-0.133285
0.247831,0.173084,-0.133157
0.24855,0.170322,-0.132064
0.248861,0.167145,-0.131359
0.249063,0.164668,-0.13048
0.249174,0.163255,-0.13028
0.250001,0.160456,-0.129414
0.250576,0.159099,-0.128706
0.25063,0.156434,-0.127969
0.251265,0.153417,-0.126853
0.251449,0.151692,-0.126051
0.252134,0.147851,-0.125085
0.252518,0.145575,-0.124756
0.253137,0.144687,-0.124164
0.253461,0.142948,-0.123893
0.254317,0.141265,-0.122966
0.254763,0.140504,-0.121989
0.255522,0.137965,-0.121276
0.255984,0.135805,-0.12081
0.256292,0.134873,-0.120591
0.25674,0.132608,-0.120066
0.257167,0.130073,-0.119785
0.257414,0.129009,-0.119588
0.258022,0.126107,-0.119333
0.258405,0.123695,-0.118982
0.258468,0.122294,-0.119465
0.258929,0.120089,-0.119136
0.258752,0.117415,-0.119666
0.259013,0.115499,-0.120309
0.259119,0.112324,-0.121197
0.259648,0.109839,-0.121143
0.260095,0.108291,-0.12141
0.260038,0.10483,-0.121956
0.259703,0.103126,-0.122524
0.259967,0.101969,-0.12256
0.260165,0.0990324,-0.123007
0.259959,0.0972312,-0.123072
0.259438,0.0959982,-0.12319
0.259808,0.0940805,-0.123243
0.259872,0.0913814,-0.124016
0.259963,0.0909483,-0.12404
0.259631,0.0892575,-0.124244
0.258942,0.0880957,-0.124434
0.259348,0.0862931,-0.124493
0.257978,0.0856466,-0.125135
0.257945,0.0846046,-0.125422
0.257637,0.0843428,-0.125264
0.258079,0.0826996,-0.125401
0.258294,0.0814321,-0.125245
0.25839,0.0813239,-0.125092
0.258443,0.0806358,-0.124908
0.258752,0.0796229,-0.124982
0.258315,0.0801334,-0.124518
0.25764,0.0803714,-0.123929
0.257847,0.0804719,-0.123259
0.257955,0.0799779,-0.123233
0.258022,0.0799656,-0.122616
0.257789,0.0802821,-0.121523
0.257301,0.0811711,-0.12086
0.257398,0.0805476,-0.120642
0.256977,0.0815049,-0.119416
0.256687,0.0821905,-0.118367
0.256166,0.0829449,-0.117294
0.256118,0.0827058,-0.116936
0.256179,0.0835928,-0.116033
0.256507,0.0843571,-0.115186
0.256468,0.0856369,-0.113766
0.25642,0.0856512,-0.11346
0.256354,0.0868278,-0.111546
0.25675,0.0880257,-0.110075
0.257077,0.0889682,-0.108606
0.257546,0.0902599,-0.106562
0.257284,0.0906875,-0.105688
0.257339,0.092141,-0.10376
0.25748,0.0942312,-0.101392
0.258381,0.0956538,-0.098189
0.258269,0.0961143,-0.0974325
0.258559,0.0973657,-0.0946732
0.2591,0.099184,-0.0917499
0.259677,0.101091,-0.0893023
0.259437,0.101934,-0.0879305
0.260045,0.104051,-0.0849193
0.260101,0.104271,-0.082381
0.259868,0.105695,-0.0783478
0.259614,0.106622,-0.0767938
0.259532,0.10746,-0.0742098
0.260144,0.108813,-0.0703623
0.260599,0.109965,-0.0667829
0.260378,0.110583,-0.0656446
0.26073,0.111434,-0.0613202
0.260974,0.111785,-0.0569895
0.261468,0.111782,-0.0540586
0.260977,0.112996,-0.0510886
0.260506,0.113721,-0.0465092
0.261259,0.113857,-0.0441237
0.260718,0.114517,-0.0399441
0.261009,0.114302,-0.0363797
0.260797,0.114802,-0.0348663
0.261186,0.114279,-0.029743
0.261114,0.113978,-0.0246843
0.260867,0.114422,-0.0230044
0.260063,0.114658,-0.0172695
0.259357,0.114843,-0.0132325
0.259153,0.1147,-0.0102439
0.258732,0.11426,-0.00572214
0.257931,0.11498,-0.00201295
0.257975,0.114405,0.000106511
0.258033,0.114824,0.00518138
0.257314,0.115121,0.01073
0.256526,0.115559,0.0137006
0.256874,0.115,0.0156489
0.256137,0.11488,0.0198652
0.255965,0.115021,0.024275
0.255608,0.1153,0.0261191
0.255819,0.115478,0.0305673
0.277151,0.183509,0.167311
0.277289,0.18865,0.166592
0.277273,0.190113,0.166503
0.27757,0.195572,0.165244
0.277349,0.199519,0.164764
0.277374,0.203548,0.163877
0.277347,0.206092,0.163653
0.277483,0.209627,0.162907
0.276811,0.212148,0.161971
0.276295,0.21765,0.161347
0.276216,0.220041,0.161086
0.275298,0.224627,0.159663
0.274855,0.22861,0.158968
0.274059,0.232351,0.158212
0.273892,0.234152,0.157978
0.273834,0.238916,0.15644
0.273058,0.243473,0.155033
0.272895,0.245657,0.154493
0.272314,0.251088,0.152912
0.271836,0.255534,0.152049
0.271775,0.256481,0.15189
0.271218,0.260546,0.151016
0.270905,0.264124,0.149751
0.270768,0.265794,0.149474
0.270844,0.27099,0.14773
0.271039,0.273916,0.147071
0.270803,0.275739,0.146393
0.270699,0.279113,0.145773
0.271015,0.282689,0.144579
0.271917,0.284773,0.143473
0.272317,0.289135,0.142105
0.27227,0.291291,0.141716
0.272441,0.293628,0.140684
0.272739,0.295123,0.140356
0.272972,0.297557,0.139165
0.272994,0.298813,0.138936
0.273246,0.30087,0.138084
0.273272,0.303013,0.13698
0.273069,0.304031,0.136193
0.273181,0.306309,0.135622
0.273056,0.30807,0.134811
0.272657,0.308964,0.133961
0.272298,0.311339,0.132587
0.272068,0.312264,0.132036
0.272057,0.313121,0.131755
0.271762,0.314179,0.131
0.271678,0.315904,0.130416
0.271452,0.315795,0.130309
0.270912,0.316868,0.129663
0.270464,0.317322,0.129383
0.270273,0.317151,0.129337
0.270048,0.318425,0.128889
0.269706,0.318336,0.128543
0.26963,0.318805,0.128362
0.269498,0.318656,0.128296
0.26936,0.319497,0.127968
0.268842,0.318848,0.127578
0.268374,0.319121,0.127258
0.268452,0.319617,0.126975
0.268468,0.319595,0.126941
0.268364,0.320071,0.126705
0.267774,0.320216,0.126501
0.267305,0.320063,0.126491
0.266843,0.319909,0.126257
0.266699,0.320225,0.126098
0.266928,0.319572,0.126225
0.266644,0.319083,0.125956
0.266297,0.318663,0.126084
0.266216,0.318788,0.126008
0.266011,0.31823,0.12614
0.265589,0.317828,0.126009
0.265209,0.317238,0.12602
0.265004,0.317399,0.125887
0.264914,0.316412,0.125722
0.264854,0.315793,0.125543
0.26477,0.315295,0.125134
0.264584,0.31534,0.124997
0.264627,0.31487,0.124927
0.264598,0.314394,0.124797
0.264714,0.313926,0.124604
0.264633,0.313913,0.124534
0.265186,0.313554,0.124206
0.265369,0.3133,0.123997
0.265707,0.312999,0.123598
0.265624,0.312968,0.123505
0.266247,0.312773,0.123384
0.266689,0.312497,0.12327
0.267221,0.312176,0.123025
0.267132,0.312083,0.12283
0.267425,0.311819,0.122712
0.267907,0.311788,0.12221
0.268109,0.311635,0.12188
0.268681,0.3114,0.121374
0.268669,0.31134,0.121236
0.268991,0.311099,0.120702
0.268956,0.310798,0.120711
0.268948,0.31067,0.120457
0.269532,0.310317,0.12035
0.270088,0.310094,0.120076
0.269922,0.30957,0.119829
