HL_x,HL_y,HL_z
-0.266216,0.53055,0.163003
-0.266115,0.530547,0.163132
-0.266166,0.531596,0.163288
-0.266261,0.532799,0.163441
-0.266063,0.533517,0.163448
-0.265876,0.533581,0.163589
-0.265466,0.534245,0.163683
-0.26502,0.535124,0.163731
-0.264481,0.535829,0.163907
-0.264184,0.535971,0.16401
-0.263821,0.536238,0.16418
-0.263324,0.536819,0.164395
-0.262749,0.536982,0.164792
-0.262992,0.537839,0.16485
-0.262611,0.538,0.164898
-0.262545,0.538271,0.165459
-0.262444,0.538096,0.165983
-0.261804,0.537841,0.166977
-0.261568,0.537952,0.167018
-0.26126,0.537702,0.167909
-0.261434,0.537885,0.168167
-0.261384,0.53826,0.168045
-0.261179,0.538366,0.168078
-0.261393,0.538449,0.168065
-0.261943,0.538066,0.168353
-0.262106,0.538052,0.168614
-0.261921,0.538149,0.168632
-0.263006,0.538462,0.168277
-0.265135,0.538345,0.16761
-0.265917,0.539095,0.166419
-0.265587,0.539349,0.166415
-0.266748,0.539456,0.165282
-0.267891,0.539255,0.164951
-0.26936,0.539215,0.164036
-0.269219,0.539351,0.164023
-0.271351,0.538976,0.162393
-0.273694,0.538585,0.160898
-0.276646,0.537591,0.158909
-0.276335,0.537907,0.158827
-0.276517,0.539624,0.158137
-0.277154,0.53958,0.15745
-0.278086,0.538952,0.156781
-0.278999,0.53846,0.15578
-0.278901,0.538583,0.155692
-0.279717,0.538596,0.153824
-0.280255,0.538452,0.1521
-0.280061,0.538654,0.151782
-0.280351,0.539352,0.15019
-0.280577,0.539711,0.148132
-0.280901,0.539646,0.145685
-0.281154,0.539453,0.143598
-0.280937,0.539624,0.142883
-0.281107,0.539902,0.141074
-0.281061,0.540452,0.138991
-0.281072,0.541217,0.136428
-0.280933,0.541384,0.135632
-0.280709,0.54186,0.133124
-0.280442,0.542131,0.130474
-0.280277,0.542569,0.128147
-0.279934,0.542858,0.126438
-0.280039,0.542908,0.123855
-0.280513,0.54296,0.121474
-0.28049,0.543363,0.11855
-0.280167,0.543562,0.117016
-0.279887,0.544085,0.114066
-0.279281,0.543948,0.110796
-0.278958,0.544389,0.107735
-0.278733,0.544492,0.106649
-0.278533,0.544501,0.103723
-0.277886,0.544785,0.100416
-0.277946,0.545073,0.0975921
-0.277573,0.545147,0.0957235
-0.277239,0.545921,0.0918405
-0.276948,0.54612,0.0886927
-0.276923,0.546079,0.0863869
-0.276725,0.546115,0.0851529
-0.276611,0.546739,0.0817838
-0.276668,0.547391,0.078283
-0.276105,0.548299,0.0746065
-0.275234,0.54899,0.0720289
-0.274863,0.549142,0.0693422
-0.27406,0.549269,0.0667735
-0.273522,0.549577,0.0626414
-0.272543,0.550301,0.0585926
-0.272013,0.550451,0.0555018
-0.271311,0.550409,0.0531487
-0.270331,0.550289,0.0487475
-0.269888,0.550459,0.044504
-0.26942,0.5505,0.0422958
-0.268471,0.550453,0.0379023
-0.26769,0.550939,0.0331654
-0.266748,0.551447,0.0295173
-0.266127,0.551513,0.0268532
-0.265742,0.55204,0.022826
-0.265975,0.552421,0.0183343
-0.265768,0.552651,0.0149529
-0.264973,0.552852,0.0115909
-0.265943,0.55273,0.00837493
-0.265877,0.55291,0.00370266
-0.265333,0.552118,0.000196288
-0.26487,0.552162,-0.0020815
-0.265088,0.552147,-0.0055035
-0.264537,0.551864,-0.00953293
-0.264478,0.551508,-0.01281
-0.264039,0.551717,-0.016172
-0.263457,0.551838,-0.0185108
-0.263158,0.551974,-0.0208562
-0.262692,0.552191,-0.0232308
-0.262037,0.552322,-0.0260226
-0.261734,0.552126,-0.0277473
-0.260973,0.552203,-0.0304242
-0.260575,0.552294,-0.0324906
-0.25965,0.552567,-0.036082
-0.25907,0.552638,-0.0381364
-0.258255,0.553023,-0.040699
-0.257847,0.553498,-0.0424314
-0.257394,0.553582,-0.0457325
-0.256544,0.553729,-0.0482336
-0.256697,0.554389,-0.0507973
-0.256773,0.555142,-0.0527411
-0.256087,0.555032,-0.0560397
-0.25565,0.554767,-0.0586279
-0.255201,0.554871,-0.059794
-0.25502,0.555365,-0.0617993
-0.254979,0.5558,-0.0637421
-0.254454,0.555984,-0.0651479
-0.254015,0.555923,-0.0666242
-0.254297,0.555939,-0.066875
-0.253675,0.555439,-0.0682006
-0.253057,0.555596,-0.069759
-0.253229,0.55506,-0.0701874
-0.252967,0.55465,-0.0706058
-0.252726,0.553836,-0.0713173
-0.252444,0.553839,-0.0719854
-0.252312,0.553414,-0.0725637
-0.252457,0.55305,-0.0727781
-0.25235,0.552368,-0.0736326
-0.25204,0.552303,-0.0743791
-0.25233,0.551454,-0.0743423
-0.252484,0.551099,-0.0742935
-0.252315,0.550279,-0.0747599
-0.252224,0.550225,-0.0749853
-0.252659,0.549639,-0.0754077
-0.253088,0.548731,-0.0753553
-0.253155,0.548087,-0.0756609
-0.253225,0.547235,-0.0754592
-0.253077,0.546915,-0.0760213
-0.252968,0.545616,-0.076251
-0.253142,0.544322,-0.0759361
-0.253388,0.543137,-0.0757489
-0.253236,0.542577,-0.0762656
-0.25329,0.541477,-0.0760249
-0.253303,0.540104,-0.0756026
-0.25297,0.538704,-0.07552
-0.252882,0.538046,-0.0758414
-0.252558,0.536042,-0.0755787
-0.251939,0.534085,-0.075357
-0.251696,0.532271,-0.0739106
-0.251551,0.530931,-0.0743172
-0.250967,0.528458,-0.0730365
-0.25018,0.525625,-0.0724888
-0.25032,0.523526,-0.0718764
-0.250238,0.521813,-0.0722264
-0.250344,0.51968,-0.0725354
-0.250013,0.516176,-0.0722893
-0.250071,0.512791,-0.072481
-0.249899,0.510912,-0.0729116
-0.251126,0.507963,-0.0730515
-0.251754,0.504818,-0.0733447
-0.251637,0.499331,-0.0740638
-0.251661,0.496998,-0.0745363
-0.251845,0.493731,-0.075331
-0.251756,0.488801,-0.0767311
-0.252606,0.48576,-0.0774007
-0.253307,0.481884,-0.0790512
-0.253242,0.480349,-0.079395
-0.253874,0.477347,-0.0807539
-0.254138,0.473907,-0.0818266
-0.255041,0.470615,-0.0824379
-0.25608,0.467809,-0.0829254
-0.255967,0.465081,-0.0834764
-0.25662,0.461489,-0.083945
-0.256873,0.458164,-0.0838879
-0.256851,0.455626,-0.0842467
-0.256751,0.451061,-0.0848302
-0.256646,0.44945,-0.0851212
-0.256525,0.447617,-0.0849323
-0.256326,0.444609,-0.0854725
-0.256407,0.443442,-0.0846503
-0.256922,0.442456,-0.0839011
-0.256301,0.438608,-0.0838475
-0.256061,0.436847,-0.0840326
-0.256331,0.434839,-0.0835059
-0.256447,0.43373,-0.0827925
-0.256277,0.429721,-0.0819183
-0.256209,0.429121,-0.0819236
-0.255721,0.427204,-0.0815532
-0.255048,0.424476,-0.0807814
-0.254895,0.421888,-0.0805344
-0.254613,0.420117,-0.0804604
-0.255001,0.417882,-0.0806717
-0.255076,0.415058,-0.0803594
-0.255264,0.40976,-0.0791163
-0.254986,0.408097,-0.0790187
-0.255187,0.403468,-0.0791462
-0.255339,0.399794,-0.079452
-0.255235,0.396025,-0.0789797
-0.254822,0.392852,-0.0789373
-0.254716,0.388796,-0.0785639
-0.255703,0.385568,-0.0783719
-0.256512,0.381368,-0.0786069
-0.257278,0.378962,-0.0790848
-0.256943,0.376003,-0.0791279
-0.257416,0.372816,-0.0793121
-0.257265,0.369665,-0.0798434
-0.257595,0.36735,-0.0806207
-0.257178,0.364622,-0.0807348
-0.257952,0.362278,-0.0813682
-0.25819,0.359936,-0.0819266
-0.258471,0.358484,-0.0826039
-0.257886,0.355163,-0.0828031
-0.257747,0.353752,-0.0829246
-0.257738,0.35193,-0.0834895
-0.257938,0.351693,-0.0835337
-0.258254,0.349776,-0.0837132
-0.257927,0.347718,-0.0838411
-0.258122,0.34708,-0.0842659
-0.258284,0.345316,-0.0846429
-0.258144,0.34444,-0.084707
-0.25761,0.342028,-0.0846773
-0.257588,0.340448,-0.0848678
-0.258041,0.339086,-0.0847982
-0.257605,0.336979,-0.0848004
-0.2583,0.3352,-0.0848436
-0.258179,0.332526,-0.0847294
-0.258975,0.330947,-0.0847205
-0.2587,0.328986,-0.0846562
-0.259041,0.327245,-0.0846456
-0.258637,0.324412,-0.0851748
-0.258701,0.322745,-0.0857074
-0.258427,0.320631,-0.0855265
-0.258187,0.319433,-0.0855044
-0.257797,0.317737,-0.0848874
-0.257629,0.314989,-0.084254
-0.257531,0.312521,-0.0843963
-0.257338,0.311456,-0.0843461
-0.257542,0.30974,-0.083776
-0.257829,0.308262,-0.0841354
-0.257636,0.305939,-0.0841094
-0.257539,0.305472,-0.0840748
-0.257155,0.303471,-0.0838726
-0.257149,0.302154,-0.0836278
-0.257865,0.301025,-0.0836269
-0.257402,0.299439,-0.0833283
-0.257387,0.297663,-0.0831843
-0.257251,0.297303,-0.0833865
-0.256902,0.296693,-0.0831417
-0.256654,0.295901,-0.0830148
-0.256579,0.295982,-0.0824596
-0.257144,0.296658,-0.0826586
-0.257462,0.296937,-0.0825481
-0.25719,0.296073,-0.0822864
-0.257735,0.29685,-0.0815638
-0.25805,0.297121,-0.0808306
-0.258246,0.297858,-0.0804211
-0.258161,0.297489,-0.0801313
-0.258486,0.298346,-0.0795286
-0.258986,0.299043,-0.0783178
-0.259267,0.299365,-0.0769629
-0.259275,0.299174,-0.0765631
-0.259767,0.299687,-0.0758351
-0.260199,0.300081,-0.0743659
-0.260859,0.300515,-0.0722302
-0.260951,0.300443,-0.0717724
-0.262312,0.300204,-0.0694598
-0.263071,0.300551,-0.0684281
-0.264027,0.300401,-0.0666691
-0.264485,0.300185,-0.0649993
-0.264857,0.300129,-0.0639713
-0.265623,0.300005,-0.0613381
-0.265986,0.300235,-0.0595088
-0.267107,0.300305,-0.0574793
-0.267725,0.30036,-0.0555845
-0.268177,0.300305,-0.0530785
-0.269023,0.300055,-0.048792
-0.270719,0.299931,-0.0443783
-0.271089,0.299953,-0.0433624
-0.272607,0.30008,-0.0383231
-0.273756,0.300615,-0.0340251
-0.274444,0.301149,-0.0302024
-0.275079,0.301314,-0.028313
-0.275226,0.302216,-0.0251292
-0.276092,0.302916,-0.0204625
-0.276947,0.303659,-0.0156973
-0.278058,0.303869,-0.0125826
-0.27921,0.304891,-0.007718
-0.278709,0.305826,-0.0056667
-0.279299,0.306185,-0.00263722
-0.279967,0.306422,-0.000560965
-0.279907,0.306636,0.00366042
-0.279654,0.307091,0.00729602
-0.279393,0.307348,0.0111765
-0.280154,0.307549,0.0139162
-0.280786,0.308251,0.0171319
-0.281145,0.308416,0.0212568
-0.281956,0.308403,0.0250801
-0.282337,0.308576,0.0265646
-0.282387,0.308471,0.0300318
-0.282264,0.308733,0.0341774
-0.282213,0.30863,0.035967
-0.282867,0.308793,0.0387972
-0.282484,0.308785,0.0420391
-0.282911,0.308976,0.0455729
-0.283007,0.309148,0.0475549
-0.283207,0.309365,0.0514337
-0.283542,0.309393,0.0527189
-0.283106,0.30868,0.0561977
-0.282943,0.308597,0.0602984
-0.283321,0.30776,0.0636292
-0.283789,0.307699,0.0656445
-0.28291,0.307372,0.0681761
-0.282573,0.307018,0.0699742
-0.282537,0.305977,0.0749798
-0.282757,0.305901,0.0768712
-0.282881,0.305282,0.0804526
-0.282559,0.304376,0.0829998
-0.282794,0.303508,0.0873766
-0.283103,0.30336,0.0900079
-0.283425,0.303018,0.0940003
-0.283594,0.303109,0.0969728
-0.28366,0.302761,0.100583
-0.283803,0.302696,0.101924
-0.28372,0.302241,0.105378
-0.283972,0.301236,0.107986
-0.284278,0.300281,0.111884
-0.284474,0.300165,0.114872
-0.285235,0.299871,0.118856
-0.285072,0.29922,0.121578
-0.284646,0.298513,0.124315
-0.284746,0.298473,0.12634
-0.284431,0.297274,0.12938
-0.284347,0.296472,0.132862
-0.284386,0.295882,0.135915
-0.284097,0.29514,0.138825
-0.284203,0.295016,0.140797
-0.284036,0.294869,0.144535
-0.283518,0.294837,0.145591
-0.283261,0.294867,0.147703
-0.283365,0.294717,0.149952
-0.283442,0.294228,0.151661
-0.283114,0.295381,0.153555
-0.282518,0.295732,0.155505
-0.282654,0.295585,0.156581
-0.282125,0.29594,0.15756
-0.281629,0.296641,0.158298
-0.281185,0.297282,0.158405
-0.281238,0.29728,0.159695
-0.281462,0.297907,0.159378
-0.281837,0.298623,0.160801
-0.282142,0.299723,0.160552
-0.282276,0.300016,0.161832
-0.282569,0.300581,0.160994
-0.282345,0.301165,0.161107
-0.282144,0.302381,0.161002
-0.281964,0.303371,0.161114
-0.282009,0.303771,0.161793
-0.282197,0.30476,0.161737
-0.282992,0.305968,0.161466
-0.283087,0.306492,0.162106
-0.283333,0.308729,0.161633
-0.28316,0.311273,0.162022
-0.283108,0.314474,0.162513
-0.283221,0.315011,0.162861
-0.282297,0.318071,0.162745
-0.281639,0.321424,0.163434
-0.281712,0.324978,0.162961
-0.281929,0.326746,0.163686
-0.281928,0.332077,0.163273
-0.281416,0.33665,0.164013
-0.2818,0.339432,0.163597
-0.28234,0.34501,0.163745
-0.282526,0.34734,0.16427
-0.283113,0.35162,0.16397
-0.283152,0.357832,0.164161
-0.283196,0.362312,0.164234
-0.283518,0.36515,0.164718
-0.283938,0.369543,0.164675
-0.28407,0.375691,0.164497
-0.284044,0.379555,0.163339
-0.284408,0.383834,0.163932
-0.284063,0.389987,0.163456
-0.284032,0.39363,0.162842
-0.283719,0.399558,0.162933
-0.284109,0.403993,0.163341
-0.283395,0.409223,0.163573
-0.283035,0.413396,0.163127
-0.282577,0.418056,0.162977
-0.28281,0.420715,0.163205
-0.282611,0.424868,0.163408
-0.282284,0.431125,0.16318
-0.282094,0.434897,0.162928
-0.282243,0.437604,0.163112
-0.282128,0.442123,0.16315
-0.282064,0.445735,0.163407
-0.282722,0.450255,0.163114
-0.283022,0.453132,0.163321
-0.282554,0.455209,0.162708
-0.282903,0.4592,0.163109
-0.282806,0.462511,0.162632
-0.283005,0.465287,0.162834
-0.283009,0.468123,0.162593
-0.282659,0.469852,0.162518
-0.282038,0.473847,0.163267
-0.281354,0.47775,0.164168
-0.281494,0.480911,0.164497
-0.280656,0.484027,0.164883
-0.280079,0.488303,0.165387
-0.279238,0.491343,0.166573
-0.279333,0.49299,0.166826
-0.277928,0.496762,0.167918
-0.277003,0.500876,0.168832
-0.276299,0.503747,0.169491
-0.276185,0.506459,0.170021
-0.275844,0.510312,0.170405
-0.275494,0.5133,0.170566
-0.274702,0.515124,0.171046
-0.274565,0.516747,0.171343
-0.273453,0.519376,0.171894
-0.272527,0.522392,0.172281
-0.271629,0.524938,0.172229
-0.271422,0.526975,0.172612
-0.269728,0.530074,0.172358
-0.268474,0.531637,0.171488
-0.266868,0.534538,0.17071
-0.26651,0.536507,0.170976
-0.265961,0.537456,0.170599
-0.264783,0.539228,0.170064
-0.264104,0.540401,0.169224
-0.263588,0.541733,0.168189
-0.263258,0.543181,0.168173
-0.263283,0.543352,0.167103
-0.263524,0.542978,0.165742
-0.264052,0.543228,0.163829
-0.263589,0.544925,0.163444
-0.263921,0.544566,0.161611
-0.263546,0.544858,0.159821
-0.263957,0.544352,0.158108
-0.263658,0.545136,0.15754
-0.263555,0.545288,0.155966
-0.263683,0.545135,0.154675
-0.263845,0.545277,0.153508
-0.263641,0.545762,0.152949
-0.263597,0.545694,0.152378
-0.263181,0.545038,0.151911
-0.262941,0.54549,0.151207
-0.261802,0.54525,0.151376
-0.26125,0.544837,0.151142
-0.261092,0.545017,0.150815
-0.260686,0.544685,0.150975
-0.260511,0.544862,0.150661
-0.260114,0.54465,0.150417
-0.259697,0.544131,0.150933
-0.259234,0.544137,0.151083
-0.259094,0.544256,0.150824
-0.258218,0.544325,0.151404
-0.257449,0.54429,0.152075
-0.256896,0.544347,0.152569
-0.256763,0.544473,0.152232
-0.255896,0.544817,0.152536
-0.255881,0.544125,0.152619
-0.25639,0.543075,0.151497
-0.2563,0.54325,0.150928
-0.256649,0.542941,0.151118
-0.256755,0.542338,0.15148
-0.256931,0.541997,0.152063
-0.256905,0.542107,0.151923
-0.257321,0.541914,0.152387
-0.257254,0.542499,0.153569
-0.257293,0.542261,0.154086
-0.257283,0.542327,0.153802
-0.257198,0.542415,0.154218
-0.257112,0.542037,0.15471
-0.256988,0.541941,0.155081
-0.256978,0.541956,0.155002
-0.2568,0.541943,0.155163
-0.256773,0.541979,0.155462
-0.256354,0.541949,0.155788
-0.256173,0.541888,0.155918
-0.256154,0.541909,0.155833
-0.256129,0.541618,0.156058
-0.255968,0.541597,0.156118
-0.255837,0.541201,0.156099
-0.255736,0.541237,0.155968
-0.25543,0.541273,0.156119
-0.255193,0.541121,0.156259
-0.255134,0.541145,0.156186
-0.254935,0.540916,0.15629
-0.254848,0.540649,0.156414
-0.254867,0.540216,0.156451
-0.254788,0.539842,0.156577
-0.254668,0.53984,0.15649
-0.254471,0.539668,0.156694
-0.254243,0.539218,0.156975
-0.254072,0.538871,0.157191
-0.253941,0.538803,0.157135
-0.25386,0.538513,0.157395
-0.2537,0.5383,0.157368
-0.253869,0.537763,0.15701
-0.253808,0.53772,0.15699
-0.254054,0.537359,0.156859
-0.254324,0.537088,0.156549
-0.254558,0.537038,0.156088
