HL_x,HL_y,HL_z
0.25802,0.459814,0.189252
0.258512,0.459997,0.187785
0.258951,0.459811,0.185105
0.259056,0.460135,0.182468
0.259502,0.460352,0.180738
0.259783,0.460274,0.178144
0.259959,0.460325,0.177338
0.260607,0.460925,0.174435
0.261745,0.461487,0.171557
0.262315,0.462302,0.169649
0.262504,0.462518,0.167653
0.262815,0.462771,0.164889
0.26292,0.463598,0.16223
0.26279,0.464216,0.158914
0.263002,0.464509,0.156607
0.262986,0.464243,0.154089
0.263168,0.464362,0.150485
0.263317,0.464441,0.147581
0.263456,0.464564,0.146231
0.264043,0.46438,0.142024
0.264162,0.464459,0.138663
0.263995,0.464352,0.13646
0.26436,0.464619,0.132807
0.264873,0.4649,0.129272
0.265314,0.465153,0.127349
0.265625,0.466389,0.123552
0.265951,0.466691,0.120569
0.266382,0.467756,0.118172
0.267082,0.468597,0.112286
0.267615,0.469303,0.107968
0.267774,0.469493,0.106386
0.268056,0.469884,0.103086
0.268521,0.470377,0.099823
0.269285,0.471027,0.0970485
0.269578,0.471313,0.0937319
0.27027,0.472262,0.0895318
0.270498,0.472469,0.0880899
0.270277,0.472729,0.0872535
0.270823,0.473157,0.0842075
0.270488,0.473182,0.0819653
0.270351,0.473558,0.0777131
0.270932,0.474313,0.0738505
0.271113,0.474128,0.0716218
0.271807,0.474632,0.0675919
0.271826,0.475303,0.0645351
0.272043,0.475381,0.061115
0.272642,0.475593,0.0572601
0.272986,0.475847,0.0545429
0.273074,0.476026,0.0523201
0.273592,0.476638,0.0487793
0.273949,0.477093,0.045335
0.274137,0.47726,0.0437031
0.274594,0.477019,0.0401644
0.274381,0.477195,0.0363187
0.273734,0.477334,0.0336487
0.274234,0.477538,0.0304477
0.273946,0.477729,0.0268192
0.274472,0.477397,0.0240888
0.275241,0.477625,0.0214367
0.27581,0.477758,0.0183889
0.275338,0.477933,0.0162009
0.275793,0.478363,0.0129302
0.275873,0.478666,0.00973729
0.276168,0.478713,0.00837888
0.276118,0.478826,0.00524145
0.276576,0.479305,0.00239461
0.276646,0.478901,0.00015031
0.277195,0.478982,-0.00231071
0.277477,0.478683,-0.00389692
0.277483,0.478292,-0.00479132
0.278059,0.478443,-0.00725567
0.278567,0.478455,-0.00960577
0.27892,0.478404,-0.0111388
0.278944,0.478316,-0.0133832
0.278833,0.478626,-0.015672
0.279467,0.478945,-0.0162308
0.279906,0.479029,-0.0183851
0.280473,0.479595,-0.0200384
0.280558,0.47995,-0.0212457
0.280285,0.480272,-0.0225696
0.280897,0.480474,-0.02456
0.280989,0.480614,-0.0252472
0.281918,0.48139,-0.0265474
0.281956,0.48146,-0.0268999
0.282202,0.481526,-0.0276423
0.282825,0.481841,-0.0284394
0.282808,0.482277,-0.02871
0.282727,0.482223,-0.0288691
0.283049,0.482319,-0.0297389
0.28281,0.482715,-0.0298589
0.282615,0.482768,-0.0293531
0.282702,0.482661,-0.0294437
0.282936,0.482743,-0.030052
0.282949,0.482322,-0.0295906
0.282846,0.48146,-0.0294179
0.282576,0.480596,-0.0295093
0.282706,0.480564,-0.0298069
0.282565,0.479363,-0.0296642
0.28234,0.478146,-0.0293252
0.281729,0.476727,-0.0289249
0.281951,0.476437,-0.0294201
0.281249,0.474488,-0.0292873
0.280768,0.47323,-0.0287338
0.280311,0.471608,-0.0286111
0.280443,0.471081,-0.0289912
0.279458,0.46996,-0.028422
0.278781,0.468192,-0.0281838
0.278907,0.466328,-0.0283042
0.278299,0.465264,-0.0287624
0.278333,0.464726,-0.0289668
0.278321,0.463918,-0.0291226
0.278346,0.462904,-0.0287812
0.278515,0.461438,-0.0285567
0.278493,0.460621,-0.0288515
0.278819,0.458733,-0.0286973
0.279466,0.456994,-0.0288315
0.279891,0.45492,-0.0290897
0.28,0.454276,-0.0292976
0.280959,0.451738,-0.0293499
0.281652,0.449677,-0.0298783
0.281474,0.448238,-0.0303211
0.28187,0.446818,-0.0306836
0.282278,0.444107,-0.0314017
0.282441,0.442468,-0.031582
0.282899,0.439936,-0.0321275
0.283555,0.438144,-0.0325884
0.2837,0.436365,-0.0328023
0.283871,0.435367,-0.032726
0.284629,0.433127,-0.0328306
0.284963,0.432401,-0.032988
0.286335,0.429904,-0.0334101
0.287071,0.427579,-0.0331704
0.287814,0.425939,-0.033044
0.288774,0.424005,-0.0333592
0.289794,0.421743,-0.033799
0.290086,0.419761,-0.0341003
0.291355,0.415995,-0.0344515
0.291639,0.412908,-0.0344014
0.29246,0.41135,-0.0345814
0.293482,0.408895,-0.0344586
0.294194,0.405658,-0.0343557
0.29485,0.404538,-0.0344308
0.295123,0.401641,-0.0344049
0.295926,0.398403,-0.0344645
0.296495,0.395325,-0.0341889
0.297304,0.392052,-0.0340573
0.298585,0.38992,-0.0342527
0.298539,0.387513,-0.0337392
0.299705,0.383746,-0.0340107
0.300347,0.380448,-0.0342891
0.300996,0.3792,-0.0344509
0.30176,0.375653,-0.0336474
0.302288,0.37179,-0.0325683
0.302668,0.369017,-0.0313581
0.303628,0.365976,-0.0313379
0.304278,0.362807,-0.0309641
0.304396,0.360715,-0.0305803
0.304611,0.356461,-0.0301562
0.305405,0.354302,-0.0300478
0.305331,0.351688,-0.029223
0.30652,0.346901,-0.028068
0.30688,0.34442,-0.0273051
0.307427,0.343055,-0.0271313
0.3082,0.339481,-0.0270504
0.308432,0.336803,-0.0266992
0.307834,0.333686,-0.0257247
0.309212,0.330116,-0.0252658
0.30902,0.327289,-0.0240911
0.308805,0.324391,-0.0234988
0.309009,0.320519,-0.0226722
0.308791,0.317883,-0.0214455
0.309267,0.31634,-0.0211986
0.309168,0.313493,-0.0197044
0.309124,0.310463,-0.0190872
0.309555,0.309141,-0.0188039
0.309333,0.306356,-0.0178328
0.309041,0.303707,-0.0171403
0.308377,0.301585,-0.0170478
0.308106,0.299665,-0.0167293
0.308612,0.297215,-0.0162442
0.307933,0.295057,-0.0152179
0.30711,0.294294,-0.0152985
0.306271,0.292043,-0.0147896
0.306442,0.290148,-0.0144058
0.306683,0.287816,-0.0139224
0.305839,0.286134,-0.0134361
0.305604,0.285101,-0.0133413
0.305716,0.28233,-0.0126845
0.306,0.281064,-0.0121644
0.305703,0.280239,-0.0123856
0.306257,0.278506,-0.0126251
0.306742,0.277268,-0.0128102
0.306878,0.276278,-0.0126276
0.307139,0.275599,-0.0125947
0.307674,0.27479,-0.0122719
0.307783,0.274008,-0.012141
0.308033,0.273062,-0.0119772
0.30879,0.27253,-0.0115717
0.309363,0.272622,-0.0111061
0.30971,0.27097,-0.0106558
0.310298,0.2709,-0.0103296
0.311101,0.271183,-0.0104706
0.311712,0.270602,-0.0103816
0.311838,0.270193,-0.0102049
0.311947,0.269835,-0.0100942
0.312172,0.269527,-0.00948781
0.312118,0.269353,-0.00891185
0.311836,0.268954,-0.00864659
0.312146,0.268321,-0.00833327
0.311784,0.267914,-0.00796315
0.311883,0.267474,-0.00766287
0.312111,0.26701,-0.00686916
0.31232,0.266552,-0.00661686
0.31237,0.265986,-0.00548924
0.312096,0.265752,-0.0044194
0.311282,0.26587,-0.00289942
0.311382,0.265512,-0.00259087
0.310792,0.265147,-0.00114279
0.30993,0.265179,1.68247e-05
0.309363,0.265651,0.00140016
0.30939,0.264996,0.00250417
0.308562,0.265489,0.0045792
0.30843,0.266011,0.00649619
0.307673,0.266256,0.00907219
0.307579,0.266111,0.0100679
0.307265,0.265881,0.0121636
0.306541,0.265872,0.0153322
0.305512,0.265975,0.0190128
0.305204,0.265985,0.0203294
0.30541,0.266277,0.0234025
0.30498,0.266856,0.0266493
0.304886,0.26706,0.0297156
0.304194,0.267213,0.0318547
0.304774,0.268167,0.0365838
0.305093,0.268236,0.0395995
0.30508,0.268156,0.0441071
0.30466,0.268401,0.0461731
0.304585,0.268211,0.0492338
0.304456,0.268725,0.054812
0.303695,0.268136,0.0590061
0.304292,0.267892,0.0622787
0.303777,0.268246,0.0653484
0.303792,0.268453,0.0710936
0.303145,0.268054,0.0745129
0.302348,0.267606,0.0779822
0.301677,0.267893,0.0811816
0.301631,0.267409,0.0837757
0.30142,0.267083,0.0901797
0.301652,0.266118,0.0941755
0.30144,0.266263,0.0960006
0.300654,0.265859,0.101795
0.299838,0.265522,0.106069
0.30082,0.265466,0.109641
0.29969,0.265694,0.114693
0.300067,0.265112,0.119104
0.300249,0.264763,0.121045
0.300676,0.26408,0.125668
0.299924,0.26408,0.129418
0.301057,0.263422,0.132934
0.301542,0.263196,0.13871
0.302091,0.262816,0.142594
0.301774,0.262818,0.144696
0.302164,0.262114,0.150554
0.302144,0.261168,0.155602
0.301842,0.260679,0.157508
0.30145,0.260603,0.162898
0.301279,0.259918,0.165645
0.301927,0.259837,0.168411
0.30184,0.2598,0.172815
0.301424,0.259883,0.176489
0.302081,0.259785,0.179072
0.302586,0.260041,0.18493
0.302711,0.259312,0.18835
0.302468,0.259523,0.192342
0.30223,0.259591,0.194881
0.30151,0.259538,0.198157
0.301456,0.259032,0.199633
0.301331,0.258463,0.204282
0.300964,0.258467,0.207029
0.30134,0.25819,0.208107
0.301373,0.258393,0.211932
0.301993,0.257904,0.213966
0.301869,0.257945,0.21558
0.302261,0.257485,0.218443
0.302638,0.257205,0.221556
0.302698,0.257103,0.223638
0.302537,0.257173,0.225676
0.302843,0.256784,0.228405
0.304509,0.256781,0.231334
0.305196,0.256397,0.23311
0.304983,0.256339,0.234996
0.305233,0.256304,0.235767
0.305206,0.256554,0.237848
0.305048,0.256565,0.239626
0.305142,0.256891,0.239666
0.304792,0.257265,0.240808
0.304897,0.257399,0.241699
0.304883,0.257428,0.242226
0.304856,0.257573,0.243624
0.304725,0.257335,0.243582
0.305235,0.25732,0.242784
0.304623,0.25791,0.242539
0.304504,0.258145,0.243774
0.303864,0.257945,0.242867
0.303379,0.25799,0.24248
0.302884,0.258638,0.241902
0.302265,0.259335,0.240636
0.301979,0.259602,0.241202
0.301191,0.260589,0.240441
0.300884,0.26145,0.239681
0.299771,0.26327,0.238837
0.299405,0.26385,0.23913
0.298491,0.265486,0.238359
0.297902,0.267629,0.238136
0.297773,0.270105,0.237616
0.297602,0.270664,0.237692
0.296913,0.273749,0.23772
0.29666,0.276546,0.237104
0.295883,0.279584,0.237307
0.295408,0.281354,0.237414
0.294007,0.285466,0.23736
0.294127,0.289914,0.237216
0.293381,0.294321,0.236676
0.292742,0.29623,0.236776
0.292287,0.298915,0.236335
0.291353,0.303014,0.235982
0.289991,0.307754,0.235469
0.28951,0.309864,0.235595
0.288682,0.314609,0.235158
0.288544,0.318703,0.235113
0.28869,0.322822,0.235669
0.287873,0.326998,0.235949
0.287919,0.331636,0.236111
0.287773,0.337118,0.236399
0.287196,0.340413,0.235913
0.286295,0.34516,0.236159
0.286002,0.347147,0.23633
0.285045,0.352879,0.236169
0.284378,0.356559,0.235301
0.284209,0.359466,0.234518
0.283531,0.36448,0.234592
0.283187,0.367529,0.234728
0.282256,0.369889,0.23429
0.281105,0.373979,0.234007
0.280634,0.377699,0.234135
0.279424,0.38004,0.233659
0.278399,0.38516,0.233441
0.277698,0.388303,0.233141
0.27736,0.390147,0.233193
0.276563,0.395196,0.231997
0.275282,0.398714,0.230581
0.273962,0.401566,0.229337
0.272394,0.40683,0.22826
0.271906,0.4111,0.228161
0.271998,0.412906,0.227645
0.271248,0.416598,0.226802
0.270685,0.420069,0.226693
0.270579,0.423943,0.226125
0.27097,0.428532,0.225192
0.2701,0.432408,0.223358
0.269853,0.434492,0.223221
0.268938,0.438169,0.221799
0.267424,0.441709,0.220555
0.265731,0.444605,0.218978
0.265586,0.447446,0.218692
0.264236,0.450929,0.218083
0.26374,0.452697,0.218005
0.26282,0.45493,0.217558
0.262523,0.457993,0.217145
0.261775,0.458631,0.216992
0.260901,0.459989,0.216419
0.259889,0.460839,0.216162
0.259701,0.462148,0.21595
0.258303,0.463161,0.21589
0.257039,0.46241,0.216005
0.25565,0.463013,0.216195
0.255219,0.462227,0.21625
0.254981,0.463169,0.216113
0.254672,0.462426,0.216258
0.254436,0.462244,0.215874
0.254138,0.463102,0.215668
0.253811,0.462395,0.215225
0.253236,0.461487,0.215027
0.253635,0.460769,0.215041
0.253868,0.459997,0.215253
0.253736,0.460283,0.215122
0.253962,0.459779,0.21485
0.254431,0.459553,0.214713
0.255153,0.459431,0.214962
0.255082,0.459542,0.214868
0.257444,0.459469,0.216226
0.258206,0.459422,0.216526
0.258182,0.459494,0.216472
0.258802,0.459221,0.216822
0.259072,0.459198,0.216759
0.259317,0.459065,0.216669
0.259319,0.459151,0.216587
0.259611,0.459117,0.216418
0.259765,0.45902,0.216474
0.260731,0.458937,0.21696
0.260743,0.458978,0.216916
0.261118,0.45893,0.216652
0.261227,0.458816,0.216329
0.261437,0.458697,0.216243
0.261456,0.458733,0.216191
0.261634,0.458465,0.215999
0.261741,0.458191,0.215705
0.26162,0.457916,0.215656
0.261763,0.457777,0.215568
0.261776,0.457799,0.215528
0.262005,0.45772,0.21553
0.262247,0.456359,0.213367
0.262475,0.456197,0.213487
0.262586,0.455606,0.21346
0.262574,0.45528,0.213873
0.262337,0.454927,0.213929
0.26217,0.454745,0.213966
0.262169,0.454738,0.213894
0.261962,0.454714,0.213818
0.261912,0.454592,0.213826
0.261968,0.45446,0.213809
0.26197,0.454456,0.213761
0.262161,0.454197,0.213758
0.262157,0.453931,0.213893
0.262128,0.453576,0.214113
0.262135,0.453562,0.214061
0.262053,0.453181,0.214195
0.262015,0.452891,0.214392
0.262182,0.452241,0.214591
0.262499,0.451076,0.214576
0.262509,0.451009,0.214554
0.262525,0.45083,0.215101
0.262556,0.450793,0.215715
0.262565,0.450709,0.215741
0.262552,0.450639,0.21605
0.262526,0.450587,0.216344
0.262425,0.450477,0.216906
0.262398,0.450003,0.217422
0.262404,0.449932,0.217474
0.262482,0.449703,0.217886
0.262588,0.449506,0.218301
0.26283,0.449128,0.218579
0.262835,0.449019,0.218654
0.262955,0.44853,0.219001
0.263345,0.448281,0.219592
0.263872,0.448086,0.220079
0.263872,0.448032,0.220115
0.264181,0.447884,0.220489
0.264173,0.447749,0.220554
0.264139,0.447723,0.220675
0.264146,0.447651,0.220727
0.264264,0.447747,0.220948
0.264439,0.447691,0.220929
0.264537,0.447612,0.220892
0.264408,0.447628,0.221071
0.264423,0.447562,0.22112
0.26413,0.447747,0.22134
0.263756,0.447679,0.221422
0.26377,0.44764,0.221456
0.263467,0.447364,0.221314
0.263432,0.447429,0.221387
0.263172,0.447507,0.221369
0.26318,0.44748,0.221392
0.263278,0.447539,0.221264
0.263507,0.447626,0.220937
0.263468,0.44761,0.220533
0.263475,0.447519,0.220564
0.263476,0.447362,0.220088
0.26345,0.447362,0.21976
0.26341,0.447202,0.219424
0.263416,0.447167,0.21942
0.263239,0.446926,0.218965
0.262832,0.446751,0.218533
0.26277,0.446752,0.218341
0.262639,0.446878,0.218085
0.262803,0.446876,0.218075
0.2628,0.446816,0.218038
0.262653,0.446818,0.217933
0.262544,0.44695,0.218014
0.262535,0.446895,0.217979
0.262337,0.446929,0.217948
0.262396,0.446899,0.21783
0.262501,0.446613,0.217698
0.262489,0.446519,0.217627
0.262708,0.446126,0.21741
0.262664,0.445943,0.217323
0.262586,0.445876,0.217306
0.262586,0.445802,0.217259
0.262413,0.445763,0.217264
0.26223,0.44563,0.217087
0.262022,0.445605,0.216854
0.262025,0.445563,0.216824
0.262026,0.445654,0.216821
0.262154,0.445638,0.216756
0.262019,0.445494,0.216724
0.262019,0.445456,0.216693
0.261917,0.445357,0.216663
0.26187,0.445217,0.216617
0.261885,0.445109,0.216568
0.261884,0.445069,0.216533
0.261861,0.444982,0.216438
0.261906,0.445013,0.216442
0.261967,0.444907,0.216317
0.261965,0.444845,0.21626
0.261918,0.444842,0.21627
0.262045,0.444666,0.21591
0.262021,0.444643,0.215822
0.262047,0.44464,0.215598
0.262038,0.444568,0.215505
0.262048,0.444605,0.21514
0.262214,0.444566,0.214946
0.262414,0.444705,0.214862
0.262411,0.444675,0.214809
0.262533,0.444787,0.21454
0.262399,0.444943,0.214349
0.262421,0.445089,0.214127
0.262417,0.445057,0.214037
0.26208,0.445174,0.213791
0.261681,0.445351,0.213554
0.26172,0.445474,0.213352
0.261651,0.445343,0.213264
0.261649,0.445316,0.213184
0.261739,0.445116,0.213144
0.261868,0.444957,0.212955
0.261867,0.444937,0.212901
0.261785,0.444446,0.212778
0.261621,0.444144,0.212652
0.261507,0.443852,0.212554
0.261506,0.443825,0.2125
0.261543,0.443513,0.212257
0.261433,0.443464,0.212203
0.261293,0.4434,0.21214
0.26129,0.443354,0.212057
0.261285,0.443305,0.211961
0.261207,0.443246,0.211855
0.261015,0.443273,0.211808
0.261011,0.443242,0.211759
0.260922,0.443404,0.211709
0.26087,0.443321,0.211438
0.260843,0.443237,0.211317
0.261074,0.442945,0.211214
0.261054,0.442868,0.211083
0.261316,0.442523,0.211058
0.261521,0.442327,0.210784
0.261674,0.44244,0.210753
0.261661,0.442392,0.210671
0.26165,0.442333,0.210512
0.261479,0.442176,0.210456
0.26141,0.442395,0.210477
0.261398,0.442345,0.21039
0.261445,0.442204,0.210263
0.2612,0.442087,0.210344
0.261381,0.442044,0.210396
0.261373,0.442003,0.210327
0.261431,0.441954,0.210246
0.261441,0.44185,0.210059
0.261627,0.441975,0.209916
0.261623,0.441931,0.209827
0.261399,0.442217,0.209557
0.261685,0.443146,0.209459
0.261528,0.443535,0.209385
0.261535,0.443496,0.209229
0.261592,0.44402,0.208918
0.261942,0.444884,0.208692
0.262439,0.445575,0.208452
0.262446,0.44558,0.208302
0.262522,0.446452,0.207875
0.262643,0.447354,0.207892
0.262992,0.447448,0.207817
0.263001,0.447479,0.207668
0.263514,0.448194,0.207317
0.263839,0.448809,0.207082
0.26415,0.449595,0.207058
0.264234,0.449721,0.206727
0.264512,0.4505,0.20692
0.264606,0.450341,0.206968
0.264633,0.450342,0.207156
0.264909,0.450317,0.207284
0.26493,0.450352,0.207206
0.264665,0.45048,0.207267
0.264624,0.450818,0.207613
0.264642,0.450854,0.207535
0.264537,0.450969,0.20763
0.264339,0.451026,0.207744
0.264034,0.451086,0.207904
0.26369,0.451215,0.207912
0.263728,0.45124,0.207807
0.263331,0.450998,0.207735
0.263188,0.450654,0.207569
0.263072,0.450493,0.207352
0.263085,0.450501,0.207295
0.262951,0.450356,0.207011
0.262861,0.450316,0.206893
0.262723,0.450308,0.206914
0.262731,0.450312,0.206854
0.262507,0.449954,0.206826
0.262653,0.449795,0.206685
0.263261,0.449927,0.206704
0.263796,0.4501,0.206403
0.26379,0.450109,0.206268
0.264315,0.450402,0.205928
0.264744,0.450507,0.205953
0.265035,0.450515,0.205814
0.265025,0.450535,0.205701
0.265375,0.450431,0.205502
0.265543,0.450372,0.2054
0.265542,0.450395,0.205319
0.265688,0.450461,0.205185
0.2652,0.450346,0.204977
0.265371,0.450294,0.204867
0.265338,0.450297,0.20468
0.265369,0.450349,0.204542
0.265473,0.45005,0.204756
0.265716,0.44974,0.204994
0.265499,0.449716,0.205202
0.26553,0.449752,0.20508
0.265567,0.449589,0.205252
0.265489,0.449411,0.205323
0.265562,0.449251,0.205255
0.265579,0.449265,0.205189
0.265549,0.449112,0.205199
0.26559,0.448987,0.205227
0.265497,0.449108,0.2053
0.26551,0.449118,0.205246
0.265498,0.449089,0.20542
0.266792,0.449658,0.205844
0.267,0.449429,0.205937
0.266974,0.449414,0.205858
0.267036,0.449434,0.20594
0.266938,0.449318,0.206102
0.26694,0.449237,0.206223
0.26595,0.448594,0.205964
0.265716,0.448535,0.206048
0.265658,0.448659,0.20611
0.265626,0.44864,0.206241
0.265598,0.448583,0.206224
0.265605,0.448585,0.206176
0.265473,0.44848,0.206263
0.265297,0.448462,0.206181
0.264817,0.4483,0.20603
0.264834,0.4483,0.205974
0.264827,0.44835,0.205938
0.26495,0.448403,0.206059
0.264878,0.448495,0.205984
0.264886,0.448495,0.205961
0.26484,0.448491,0.205959
0.265072,0.448302,0.206159
0.265107,0.448296,0.206098
0.265436,0.448199,0.206266
0.265825,0.448206,0.206403
0.265855,0.448085,0.206385
0.265777,0.448057,0.20621
0.265795,0.448045,0.206179
0.265559,0.44794,0.205895
0.265435,0.447755,0.206005
0.265493,0.447396,0.206132
0.265508,0.447387,0.206116
0.265231,0.447073,0.206114
0.265294,0.446991,0.206128
0.265277,0.4469,0.206196
0.265292,0.446887,0.206184
0.265058,0.446641,0.206171
0.265201,0.446655,0.206344
0.265241,0.446683,0.206434
0.265258,0.446669,0.206421
0.265358,0.446665,0.206484
0.265456,0.44653,0.206529
0.265676,0.446799,0.206274
0.265699,0.446788,0.20625
0.265769,0.446717,0.206009
0.266128,0.446485,0.205756
0.267461,0.446099,0.204991
0.268169,0.445957,0.204628
0.268203,0.445924,0.204579
0.268521,0.446128,0.204524
0.268245,0.446188,0.204178
0.268271,0.446149,0.204133
0.268037,0.445824,0.203719
0.268115,0.445898,0.203441
0.26816,0.445946,0.203506
0.268384,0.44597,0.203411
0.268405,0.445937,0.203373
0.268637,0.445505,0.203051
0.268909,0.445009,0.202755
0.269044,0.444736,0.202587
0.269124,0.444612,0.202456
0.268876,0.444393,0.202108
0.268654,0.444782,0.202266
0.268796,0.445022,0.202457
0.268841,0.444957,0.202379
0.269142,0.445183,0.202729
0.269215,0.44555,0.202685
0.269634,0.445916,0.202513
0.26974,0.445807,0.202278
0.271103,0.446086,0.202903
0.273654,0.446787,0.20373
0.276365,0.443253,0.203022
0.276383,0.443196,0.20281
0.278382,0.433377,0.200356
0.282262,0.428041,0.197814
0.285378,0.42497,0.195777
0.288251,0.423436,0.19472
0.288243,0.42344,0.19463
0.289644,0.4225,0.193574
0.291256,0.422809,0.192749
0.29125,0.422813,0.19269
0.292908,0.423737,0.192559
0.293686,0.425187,0.192977
0.293946,0.428161,0.193876
0.293901,0.428182,0.19373
0.293931,0.434226,0.196387
0.294062,0.44194,0.199678
0.294815,0.448644,0.202337
0.294808,0.448649,0.202284
0.295647,0.453391,0.204424
0.295732,0.456299,0.205348
0.29549,0.457961,0.205655
0.295847,0.459468,0.206059
0.295864,0.459462,0.205963
0.2958,0.460381,0.205881
0.295688,0.46089,0.205631
0.29544,0.461334,0.205566
